{
  "success": true,
  "method": "graspnet_baseline_d455",
  "num_candidates": 98,
  "object_center_camera": [
    0.01302541824600009,
    -0.02724169763307816,
    0.4700000286102295
  ],
  "candidates": [
    {
      "score": 0.5027543902397156,
      "translation_camera": [
        0.05368399620056152,
        -0.06514089554548264,
        0.4660000205039978
      ],
      "rotation_matrix_camera": [
        [
          0.4980229139328003,
          0.6123030185699463,
          -0.6140506863594055
        ],
        [
          -0.3856969475746155,
          0.790623128414154,
          0.4755553603172302
        ],
        [
          0.7766667008399963,
          0.0,
          0.6299118399620056
        ]
      ],
      "width": 0.0849149078130722,
      "height": 0.019999999552965164,
      "depth": 0.019999999552965164,
      "object_id": -1,
      "frame": "RealSense D455 aligned color camera frame",
      "rank": 0,
      "distance_to_object_center": 0.05572673710653327
    },
    {
      "score": 0.4496845602989197,
      "translation_camera": [
        0.06876266002655029,
        -0.07911518961191177,
        0.4700000286102295
      ],
      "rotation_matrix_camera": [
        [
          0.6540746092796326,
          0.42825940251350403,
          -0.6235225796699524
        ],
        [
          -0.309978187084198,
          0.9036558270454407,
          0.2954990267753601
        ],
        [
          0.690000057220459,
          0.0,
          0.7238094210624695
        ]
      ],
      "width": 0.07967968285083771,
      "height": 0.019999999552965164,
      "depth": 0.029999999329447746,
      "object_id": -1,
      "frame": "RealSense D455 aligned color camera frame",
      "rank": 1,
      "distance_to_object_center": 0.07614131133216466
    },
    {
      "score": 0.4493166208267212,
      "translation_camera": [
        0.06618523597717285,
        -0.07772989571094513,
        0.46900004148483276
      ],
      "rotation_matrix_camera": [
        [
          0.6540746092796326,
          0.42825940251350403,
          -0.6235225796699524
        ],
        [
          -0.309978187084198,
          0.9036558270454407,
          0.2954990267753601
        ],
        [
          0.690000057220459,
          0.0,
          0.7238094210624695
        ]
      ],
      "width": 0.07935189455747604,
      "height": 0.019999999552965164,
      "depth": 0.029999999329447746,
      "object_id": -1,
      "frame": "RealSense D455 aligned color camera frame",
      "rank": 2,
      "distance_to_object_center": 0.07332137710526446
    },
    {
      "score": 0.4376547336578369,
      "translation_camera": [
        0.052588820457458496,
        -0.0677042305469513,
        0.4670000374317169
      ],
      "rotation_matrix_camera": [
        [
          0.4980229139328003,
          0.6123030185699463,
          -0.6140506863594055
        ],
        [
          -0.3856969475746155,
          0.790623128414154,
          0.4755553603172302
        ],
        [
          0.7766667008399963,
          0.0,
          0.6299118399620056
        ]
      ],
      "width": 0.08456257730722427,
      "height": 0.019999999552965164,
      "depth": 0.019999999552965164,
      "object_id": -1,
      "frame": "RealSense D455 aligned color camera frame",
      "rank": 3,
      "distance_to_object_center": 0.05666991539982261
    },
    {
      "score": 0.42089906334877014,
      "translation_camera": [
        0.0676882192492485,
        -0.08172782510519028,
        0.4710000157356262
      ],
      "rotation_matrix_camera": [
        [
          0.4980229139328003,
          0.6123030185699463,
          -0.6140506863594055
        ],
        [
          -0.3856969475746155,
          0.790623128414154,
          0.4755553603172302
        ],
        [
          0.7766667008399963,
          0.0,
          0.6299118399620056
        ]
      ],
      "width": 0.08027809858322144,
      "height": 0.019999999552965164,
      "depth": 0.029999999329447746,
      "object_id": -1,
      "frame": "RealSense D455 aligned color camera frame",
      "rank": 4,
      "distance_to_object_center": 0.07718652651000009
    },
    {
      "score": 0.332306444644928,
      "translation_camera": [
        0.0473383329808712,
        -0.02387409843504429,
        0.46300002932548523
      ],
      "rotation_matrix_camera": [
        [
          0.4980229139328003,
          -0.6140506863594055,
          -0.6123030185699463
        ],
        [
          -0.3856969475746155,
          0.47555533051490784,
          -0.790623128414154
        ],
        [
          0.7766667008399963,
          0.6299118399620056,
          -2.7534321489497415e-08
        ]
      ],
      "width": 0.0747743472456932,
      "height": 0.019999999552965164,
      "depth": 0.019999999552965164,
      "object_id": -1,
      "frame": "RealSense D455 aligned color camera frame",
      "rank": 5,
      "distance_to_object_center": 0.03518119997878914
    },
    {
      "score": 0.3312137722969055,
      "translation_camera": [
        0.034956589341163635,
        0.02035530097782612,
        0.4580000340938568
      ],
      "rotation_matrix_camera": [
        [
          0.32332366704940796,
          -0.5531456470489502,
          -0.7677836418151855
        ],
        [
          -0.38744980096817017,
          0.6628532409667969,
          -0.6407091617584229
        ],
        [
          0.8633333444595337,
          0.5046340823173523,
          -2.2058255666479454e-08
        ]
      ],
      "width": 0.06768565624952316,
      "height": 0.019999999552965164,
      "depth": 0.019999999552965164,
      "object_id": -1,
      "frame": "RealSense D455 aligned color camera frame",
      "rank": 6,
      "distance_to_object_center": 0.05376290924759127
    },
    {
      "score": 0.330642431974411,
      "translation_camera": [
        0.05442061275243759,
        -0.029816536232829094,
        0.4620000422000885
      ],
      "rotation_matrix_camera": [
        [
          0.4980229139328003,
          -0.6140506863594055,
          -0.6123030185699463
        ],
        [
          -0.3856969475746155,
          0.47555533051490784,
          -0.790623128414154
        ],
        [
          0.7766667008399963,
          0.6299118399620056,
          -2.7534321489497415e-08
        ]
      ],
      "width": 0.06389625370502472,
      "height": 0.019999999552965164,
      "depth": 0.019999999552965164,
      "object_id": -1,
      "frame": "RealSense D455 aligned color camera frame",
      "rank": 7,
      "distance_to_object_center": 0.04223969347193468
    },
    {
      "score": 0.3284067213535309,
      "translation_camera": [
        0.03741220012307167,
        0.02397279255092144,
        0.45900002121925354
      ],
      "rotation_matrix_camera": [
        [
          0.32332366704940796,
          -0.5531456470489502,
          -0.7677836418151855
        ],
        [
          -0.38744980096817017,
          0.6628532409667969,
          -0.6407091617584229
        ],
        [
          0.8633333444595337,
          0.5046340823173523,
          -2.2058255666479454e-08
        ]
      ],
      "width": 0.06945397704839706,
      "height": 0.019999999552965164,
      "depth": 0.019999999552965164,
      "object_id": -1,
      "frame": "RealSense D455 aligned color camera frame",
      "rank": 8,
      "distance_to_object_center": 0.05778095964700122
    },
    {
      "score": 0.32231900095939636,
      "translation_camera": [
        0.04963092878460884,
        -0.02022613398730755,
        0.4620000422000885
      ],
      "rotation_matrix_camera": [
        [
          0.32332366704940796,
          -0.5531456470489502,
          -0.7677836418151855
        ],
        [
          -0.38744980096817017,
          0.6628532409667969,
          -0.6407091617584229
        ],
        [
          0.8633333444595337,
          0.5046340823173523,
          -2.2058255666479454e-08
        ]
      ],
      "width": 0.07536101341247559,
      "height": 0.019999999552965164,
      "depth": 0.019999999552965164,
      "object_id": -1,
      "frame": "RealSense D455 aligned color camera frame",
      "rank": 9,
      "distance_to_object_center": 0.03812061538882203
    },
    {
      "score": 0.3184385299682617,
      "translation_camera": [
        0.031463976949453354,
        0.02039974555373192,
        0.45900002121925354
      ],
      "rotation_matrix_camera": [
        [
          0.32332366704940796,
          -0.5531456470489502,
          -0.7677836418151855
        ],
        [
          -0.38744980096817017,
          0.6628532409667969,
          -0.6407091617584229
        ],
        [
          0.8633333444595337,
          0.5046340823173523,
          -2.2058255666479454e-08
        ]
      ],
      "width": 0.06811220943927765,
      "height": 0.019999999552965164,
      "depth": 0.019999999552965164,
      "object_id": -1,
      "frame": "RealSense D455 aligned color camera frame",
      "rank": 10,
      "distance_to_object_center": 0.05225598261045591
    },
    {
      "score": 0.3090394139289856,
      "translation_camera": [
        0.013708321377635002,
        0.015737876296043396,
        0.4620000422000885
      ],
      "rotation_matrix_camera": [
        [
          0.32332366704940796,
          -0.5531456470489502,
          -0.7677836418151855
        ],
        [
          -0.38744980096817017,
          0.6628532409667969,
          -0.6407091617584229
        ],
        [
          0.8633333444595337,
          0.5046340823173523,
          -2.2058255666479454e-08
        ]
      ],
      "width": 0.0673106461763382,
      "height": 0.019999999552965164,
      "depth": 0.019999999552965164,
      "object_id": -1,
      "frame": "RealSense D455 aligned color camera frame",
      "rank": 11,
      "distance_to_object_center": 0.04372310504045273
    },
    {
      "score": 0.30903199315071106,
      "translation_camera": [
        0.032724764198064804,
        0.024025021120905876,
        0.46000003814697266
      ],
      "rotation_matrix_camera": [
        [
          0.32332366704940796,
          -0.5531456470489502,
          -0.7677836418151855
        ],
        [
          -0.38744980096817017,
          0.6628532409667969,
          -0.6407091617584229
        ],
        [
          0.8633333444595337,
          0.5046340823173523,
          -2.2058255666479454e-08
        ]
      ],
      "width": 0.06869323551654816,
      "height": 0.019999999552965164,
      "depth": 0.019999999552965164,
      "object_id": -1,
      "frame": "RealSense D455 aligned color camera frame",
      "rank": 12,
      "distance_to_object_center": 0.05582419271251896
    },
    {
      "score": 0.3082469403743744,
      "translation_camera": [
        0.0338432677090168,
        0.016826696693897247,
        0.45900002121925354
      ],
      "rotation_matrix_camera": [
        [
          0.32332366704940796,
          -0.5531456470489502,
          -0.7677836418151855
        ],
        [
          -0.38744980096817017,
          0.6628532409667969,
          -0.6407091617584229
        ],
        [
          0.8633333444595337,
          0.5046340823173523,
          -2.2058255666479454e-08
        ]
      ],
      "width": 0.06778160482645035,
      "height": 0.019999999552965164,
      "depth": 0.019999999552965164,
      "object_id": -1,
      "frame": "RealSense D455 aligned color camera frame",
      "rank": 13,
      "distance_to_object_center": 0.049964051050972125
    },
    {
      "score": 0.30529144406318665,
      "translation_camera": [
        0.018457962200045586,
        0.016900015994906425,
        0.4610000252723694
      ],
      "rotation_matrix_camera": [
        [
          0.32332366704940796,
          -0.5531456470489502,
          -0.7677836418151855
        ],
        [
          -0.38744980096817017,
          0.6628532409667969,
          -0.6407091617584229
        ],
        [
          0.8633333444595337,
          0.5046340823173523,
          -2.2058255666479454e-08
        ]
      ],
      "width": 0.06920697540044785,
      "height": 0.019999999552965164,
      "depth": 0.019999999552965164,
      "object_id": -1,
      "frame": "RealSense D455 aligned color camera frame",
      "rank": 14,
      "distance_to_object_center": 0.0453762435191492
    },
    {
      "score": 0.30214425921440125,
      "translation_camera": [
        0.0396181084215641,
        0.01912503130733967,
        0.4570000171661377
      ],
      "rotation_matrix_camera": [
        [
          0.32332366704940796,
          -0.5531456470489502,
          -0.7677836418151855
        ],
        [
          -0.38744980096817017,
          0.6628532409667969,
          -0.6407091617584229
        ],
        [
          0.8633333444595337,
          0.5046340823173523,
          -2.2058255666479454e-08
        ]
      ],
      "width": 0.06725837290287018,
      "height": 0.019999999552965164,
      "depth": 0.019999999552965164,
      "object_id": -1,
      "frame": "RealSense D455 aligned color camera frame",
      "rank": 15,
      "distance_to_object_center": 0.055009499370147305
    },
    {
      "score": 0.2971179485321045,
      "translation_camera": [
        0.024379108101129532,
        0.014476136304438114,
        0.46000003814697266
      ],
      "rotation_matrix_camera": [
        [
          0.32332366704940796,
          -0.5531456470489502,
          -0.7677836418151855
        ],
        [
          -0.38744980096817017,
          0.6628532409667969,
          -0.6407091617584229
        ],
        [
          0.8633333444595337,
          0.5046340823173523,
          -2.2058255666479454e-08
        ]
      ],
      "width": 0.06688905507326126,
      "height": 0.019999999552965164,
      "depth": 0.019999999552965164,
      "object_id": -1,
      "frame": "RealSense D455 aligned color camera frame",
      "rank": 16,
      "distance_to_object_center": 0.04437661265835735
    },
    {
      "score": 0.29578453302383423,
      "translation_camera": [
        0.05299278721213341,
        -0.014170520938932896,
        0.46000003814697266
      ],
      "rotation_matrix_camera": [
        [
          0.32332366704940796,
          -0.5531456470489502,
          -0.7677836418151855
        ],
        [
          -0.38744980096817017,
          0.6628532409667969,
          -0.6407091617584229
        ],
        [
          0.8633333444595337,
          0.5046340823173523,
          -2.2058255666479454e-08
        ]
      ],
      "width": 0.07548528909683228,
      "height": 0.019999999552965164,
      "depth": 0.019999999552965164,
      "object_id": -1,
      "frame": "RealSense D455 aligned color camera frame",
      "rank": 17,
      "distance_to_object_center": 0.043223211952720844
    },
    {
      "score": 0.2956933379173279,
      "translation_camera": [
        0.04554041475057602,
        0.025054162368178368,
        0.4570000171661377
      ],
      "rotation_matrix_camera": [
        [
          0.32332366704940796,
          -0.5531456470489502,
          -0.7677836418151855
        ],
        [
          -0.38744980096817017,
          0.6628532409667969,
          -0.6407091617584229
        ],
        [
          0.8633333444595337,
          0.5046340823173523,
          -2.2058255666479454e-08
        ]
      ],
      "width": 0.06875297427177429,
      "height": 0.019999999552965164,
      "depth": 0.019999999552965164,
      "object_id": -1,
      "frame": "RealSense D455 aligned color camera frame",
      "rank": 18,
      "distance_to_object_center": 0.06293712949054894
    },
    {
      "score": 0.29386088252067566,
      "translation_camera": [
        0.03638038784265518,
        0.027665866538882256,
        0.4610000252723694
      ],
      "rotation_matrix_camera": [
        [
          0.32332366704940796,
          -0.5531456470489502,
          -0.7677836418151855
        ],
        [
          -0.38744980096817017,
          0.6628532409667969,
          -0.6407091617584229
        ],
        [
          0.8633333444595337,
          0.5046340823173523,
          -2.2058255666479454e-08
        ]
      ],
      "width": 0.07164904475212097,
      "height": 0.019999999552965164,
      "depth": 0.019999999552965164,
      "object_id": -1,
      "frame": "RealSense D455 aligned color camera frame",
      "rank": 19,
      "distance_to_object_center": 0.06034314599223451
    },
    {
      "score": 0.2926485538482666,
      "translation_camera": [
        0.04198702797293663,
        0.023868335410952568,
        0.4570000171661377
      ],
      "rotation_matrix_camera": [
        [
          0.32332366704940796,
          -0.5531456470489502,
          -0.7677836418151855
        ],
        [
          -0.38744980096817017,
          0.6628532409667969,
          -0.6407091617584229
        ],
        [
          0.8633333444595337,
          0.5046340823173523,
          -2.2058255666479454e-08
        ]
      ],
      "width": 0.06756537407636642,
      "height": 0.019999999552965164,
      "depth": 0.019999999552965164,
      "object_id": -1,
      "frame": "RealSense D455 aligned color camera frame",
      "rank": 20,
      "distance_to_object_center": 0.060166524025273525
    },
    {
      "score": 0.29209792613983154,
      "translation_camera": [
        0.041070420295000076,
        0.027605853974819183,
        0.46000003814697266
      ],
      "rotation_matrix_camera": [
        [
          0.32332366704940796,
          -0.5531456470489502,
          -0.7677836418151855
        ],
        [
          -0.38744980096817017,
          0.6628532409667969,
          -0.6407091617584229
        ],
        [
          0.8633333444595337,
          0.5046340823173523,
          -2.2058255666479454e-08
        ]
      ],
      "width": 0.0707545205950737,
      "height": 0.019999999552965164,
      "depth": 0.019999999552965164,
      "object_id": -1,
      "frame": "RealSense D455 aligned color camera frame",
      "rank": 21,
      "distance_to_object_center": 0.062408139425675906
    },
    {
      "score": 0.2915729284286499,
      "translation_camera": [
        0.04455006867647171,
        0.02873685583472252,
        0.45900002121925354
      ],
      "rotation_matrix_camera": [
        [
          0.32332366704940796,
          -0.5531456470489502,
          -0.7677836418151855
        ],
        [
          -0.38744980096817017,
          0.6628532409667969,
          -0.6407091617584229
        ],
        [
          0.8633333444595337,
          0.5046340823173523,
          -2.2058255666479454e-08
        ]
      ],
      "width": 0.07008366286754608,
      "height": 0.019999999552965164,
      "depth": 0.019999999552965164,
      "object_id": -1,
      "frame": "RealSense D455 aligned color camera frame",
      "rank": 22,
      "distance_to_object_center": 0.0651797683005423
    },
    {
      "score": 0.2854638695716858,
      "translation_camera": [
        0.014905741438269615,
        0.021731877699494362,
        0.4620000422000885
      ],
      "rotation_matrix_camera": [
        [
          0.32332366704940796,
          -0.5531456470489502,
          -0.7677836418151855
        ],
        [
          -0.38744980096817017,
          0.6628532409667969,
          -0.6407091617584229
        ],
        [
          0.8633333444595337,
          0.5046340823173523,
          -2.2058255666479454e-08
        ]
      ],
      "width": 0.06963445246219635,
      "height": 0.019999999552965164,
      "depth": 0.019999999552965164,
      "object_id": -1,
      "frame": "RealSense D455 aligned color camera frame",
      "rank": 23,
      "distance_to_object_center": 0.049658297179071526
    },
    {
      "score": 0.28455787897109985,
      "translation_camera": [
        0.05513649061322212,
        -0.003413120051845908,
        0.4580000340938568
      ],
      "rotation_matrix_camera": [
        [
          0.32332366704940796,
          -0.5531456470489502,
          -0.7677836418151855
        ],
        [
          -0.38744980096817017,
          0.6628532409667969,
          -0.6407091617584229
        ],
        [
          0.8633333444595337,
          0.5046340823173523,
          -2.2058255666479454e-08
        ]
      ],
      "width": 0.07306455820798874,
      "height": 0.019999999552965164,
      "depth": 0.019999999552965164,
      "object_id": -1,
      "frame": "RealSense D455 aligned color camera frame",
      "rank": 24,
      "distance_to_object_center": 0.04985121256153344
    },
    {
      "score": 0.28091245889663696,
      "translation_camera": [
        0.02089284360408783,
        0.024129478260874748,
        0.4620000422000885
      ],
      "rotation_matrix_camera": [
        [
          0.32332366704940796,
          -0.5531456470489502,
          -0.7677836418151855
        ],
        [
          -0.38744980096817017,
          0.6628532409667969,
          -0.6407091617584229
        ],
        [
          0.8633333444595337,
          0.5046340823173523,
          -2.2058255666479454e-08
        ]
      ],
      "width": 0.0680881217122078,
      "height": 0.019999999552965164,
      "depth": 0.019999999552965164,
      "object_id": -1,
      "frame": "RealSense D455 aligned color camera frame",
      "rank": 25,
      "distance_to_object_center": 0.05258225819661011
    },
    {
      "score": 0.2787497937679291,
      "translation_camera": [
        0.010137956589460373,
        0.019376125186681747,
        0.46300002932548523
      ],
      "rotation_matrix_camera": [
        [
          0.32332366704940796,
          -0.5531456470489502,
          -0.7677836418151855
        ],
        [
          -0.38744980096817017,
          0.6628532409667969,
          -0.6407091617584229
        ],
        [
          0.8633333444595337,
          0.5046340823173523,
          -2.2058255666479454e-08
        ]
      ],
      "width": 0.07069855183362961,
      "height": 0.019999999552965164,
      "depth": 0.019999999552965164,
      "object_id": -1,
      "frame": "RealSense D455 aligned color camera frame",
      "rank": 26,
      "distance_to_object_center": 0.04722879237561484
    },
    {
      "score": 0.27639633417129517,
      "translation_camera": [
        0.012565059587359428,
        0.02423393353819847,
        0.46400001645088196
      ],
      "rotation_matrix_camera": [
        [
          0.32332366704940796,
          -0.5531456470489502,
          -0.7677836418151855
        ],
        [
          -0.38744980096817017,
          0.6628532409667969,
          -0.6407091617584229
        ],
        [
          0.8633333444595337,
          0.5046340823173523,
          -2.2058255666479454e-08
        ]
      ],
      "width": 0.06933484226465225,
      "height": 0.019999999552965164,
      "depth": 0.019999999552965164,
      "object_id": -1,
      "frame": "RealSense D455 aligned color camera frame",
      "rank": 27,
      "distance_to_object_center": 0.05182617756007296
    },
    {
      "score": 0.27487871050834656,
      "translation_camera": [
        0.05299278721213341,
        -0.008202467113733292,
        0.46000003814697266
      ],
      "rotation_matrix_camera": [
        [
          0.4980229139328003,
          -0.6140506863594055,
          -0.6123030185699463
        ],
        [
          -0.3856969475746155,
          0.47555533051490784,
          -0.790623128414154
        ],
        [
          0.7766667008399963,
          0.6299118399620056,
          -2.7534321489497415e-08
        ]
      ],
      "width": 0.06418311595916748,
      "height": 0.019999999552965164,
      "depth": 0.019999999552965164,
      "object_id": -1,
      "frame": "RealSense D455 aligned color camera frame",
      "rank": 28,
      "distance_to_object_center": 0.04538593053038592
    },
    {
      "score": 0.2722439467906952,
      "translation_camera": [
        0.005360965617001057,
        -0.002258701017126441,
        0.4650000333786011
      ],
      "rotation_matrix_camera": [
        [
          0.32332366704940796,
          -0.5531456470489502,
          -0.7677836418151855
        ],
        [
          -0.38744980096817017,
          0.6628532409667969,
          -0.6407091617584229
        ],
        [
          0.8633333444595337,
          0.5046340823173523,
          -2.2058255666479454e-08
        ]
      ],
      "width": 0.07137898355722427,
      "height": 0.019999999552965164,
      "depth": 0.019999999552965164,
      "object_id": -1,
      "frame": "RealSense D455 aligned color camera frame",
      "rank": 29,
      "distance_to_object_center": 0.026606275694488552
    },
    {
      "score": 0.24169044196605682,
      "translation_camera": [
        0.045939017087221146,
        -0.005827887915074825,
        0.4610000252723694
      ],
      "rotation_matrix_camera": [
        [
          0.32332366704940796,
          -0.5531456470489502,
          -0.7677836418151855
        ],
        [
          -0.38744980096817017,
          0.6628532409667969,
          -0.6407091617584229
        ],
        [
          0.8633333444595337,
          0.5046340823173523,
          -2.2058255666479454e-08
        ]
      ],
      "width": 0.07300014048814774,
      "height": 0.019999999552965164,
      "depth": 0.019999999552965164,
      "object_id": -1,
      "frame": "RealSense D455 aligned color camera frame",
      "rank": 30,
      "distance_to_object_center": 0.04028469058341115
    },
    {
      "score": 0.18966330587863922,
      "translation_camera": [
        0.018508179113268852,
        -0.1155623197555542,
        0.531000018119812
      ],
      "rotation_matrix_camera": [
        [
          0.7745015621185303,
          -0.5372953414916992,
          0.3338578939437866
        ],
        [
          0.2743125557899475,
          -0.19029901921749115,
          -0.9426234364509583
        ],
        [
          0.5699999928474426,
          0.8216447234153748,
          -3.59152316775635e-08
        ]
      ],
      "width": 0.08493052423000336,
      "height": 0.019999999552965164,
      "depth": 0.03999999910593033,
      "object_id": -1,
      "frame": "RealSense D455 aligned color camera frame",
      "rank": 31,
      "distance_to_object_center": 0.10747833120679738
    },
    {
      "score": 0.18167562782764435,
      "translation_camera": [
        -0.0191460233181715,
        -0.04298085719347,
        0.4750000238418579
      ],
      "rotation_matrix_camera": [
        [
          0.4980229139328003,
          -0.6140506863594055,
          -0.6123030185699463
        ],
        [
          -0.3856969475746155,
          0.47555533051490784,
          -0.790623128414154
        ],
        [
          0.7766667008399963,
          0.6299118399620056,
          -2.7534321489497415e-08
        ]
      ],
      "width": 0.058607954531908035,
      "height": 0.019999999552965164,
      "depth": 0.019999999552965164,
      "object_id": -1,
      "frame": "RealSense D455 aligned color camera frame",
      "rank": 32,
      "distance_to_object_center": 0.03616244942341003
    },
    {
      "score": 0.18107903003692627,
      "translation_camera": [
        0.06433029472827911,
        0.043569352477788925,
        0.4920000433921814
      ],
      "rotation_matrix_camera": [
        [
          0.7549206018447876,
          0.3393512964248657,
          -0.561191201210022
        ],
        [
          -0.511854350566864,
          -0.23008842766284943,
          -0.8276861906051636
        ],
        [
          -0.4099999964237213,
          0.9120855331420898,
          -3.986852448178979e-08
        ]
      ],
      "width": 0.07209375500679016,
      "height": 0.019999999552965164,
      "depth": 0.019999999552965164,
      "object_id": -1,
      "frame": "RealSense D455 aligned color camera frame",
      "rank": 33,
      "distance_to_object_center": 0.0901687075379909
    },
    {
      "score": 0.18008235096931458,
      "translation_camera": [
        -0.01791490986943245,
        -0.04667845368385315,
        0.4750000238418579
      ],
      "rotation_matrix_camera": [
        [
          0.4980229139328003,
          -0.6140506863594055,
          -0.6123030185699463
        ],
        [
          -0.3856969475746155,
          0.47555533051490784,
          -0.790623128414154
        ],
        [
          0.7766667008399963,
          0.6299118399620056,
          -2.7534321489497415e-08
        ]
      ],
      "width": 0.05992387235164642,
      "height": 0.019999999552965164,
      "depth": 0.019999999552965164,
      "object_id": -1,
      "frame": "RealSense D455 aligned color camera frame",
      "rank": 34,
      "distance_to_object_center": 0.03687941623703215
    },
    {
      "score": 0.17809700965881348,
      "translation_camera": [
        0.06165437027812004,
        0.04093269258737564,
        0.4910000264644623
      ],
      "rotation_matrix_camera": [
        [
          0.7549206018447876,
          0.3393512964248657,
          -0.561191201210022
        ],
        [
          -0.511854350566864,
          -0.23008842766284943,
          -0.8276861906051636
        ],
        [
          -0.4099999964237213,
          0.9120855331420898,
          -3.986852448178979e-08
        ]
      ],
      "width": 0.0690111592411995,
      "height": 0.019999999552965164,
      "depth": 0.019999999552965164,
      "object_id": -1,
      "frame": "RealSense D455 aligned color camera frame",
      "rank": 35,
      "distance_to_object_center": 0.08633378462427505
    },
    {
      "score": 0.17673194408416748,
      "translation_camera": [
        -0.015452681109309196,
        -0.050376053899526596,
        0.4750000238418579
      ],
      "rotation_matrix_camera": [
        [
          0.4980229139328003,
          -0.6140506863594055,
          -0.6123030185699463
        ],
        [
          -0.3856969475746155,
          0.47555533051490784,
          -0.790623128414154
        ],
        [
          0.7766667008399963,
          0.6299118399620056,
          -2.7534321489497415e-08
        ]
      ],
      "width": 0.061112385243177414,
      "height": 0.019999999552965164,
      "depth": 0.019999999552965164,
      "object_id": -1,
      "frame": "RealSense D455 aligned color camera frame",
      "rank": 36,
      "distance_to_object_center": 0.037029725020179885
    },
    {
      "score": 0.17451605200767517,
      "translation_camera": [
        0.05874805152416229,
        0.04321512579917908,
        0.4880000352859497
      ],
      "rotation_matrix_camera": [
        [
          0.8618829250335693,
          0.2416844666004181,
          -0.44580990076065063
        ],
        [
          -0.4292526841163635,
          -0.12036871165037155,
          -0.8951276540756226
        ],
        [
          -0.27000001072883606,
          0.9628603458404541,
          -4.2087961560355325e-08
        ]
      ],
      "width": 0.06843580305576324,
      "height": 0.019999999552965164,
      "depth": 0.019999999552965164,
      "object_id": -1,
      "frame": "RealSense D455 aligned color camera frame",
      "rank": 37,
      "distance_to_object_center": 0.08589949593786654
    },
    {
      "score": 0.1706889122724533,
      "translation_camera": [
        0.04326596111059189,
        0.012036354281008244,
        0.4580000340938568
      ],
      "rotation_matrix_camera": [
        [
          -0.10681723058223724,
          0.00249303737655282,
          -0.9942755699157715
        ],
        [
          -0.9940048456192017,
          0.023199768736958504,
          0.10684632509946823
        ],
        [
          0.023333333432674408,
          0.9997277855873108,
          -4.3699490248627626e-08
        ]
      ],
      "width": 0.04411781206727028,
      "height": 0.019999999552965164,
      "depth": 0.029999999329447746,
      "object_id": -1,
      "frame": "RealSense D455 aligned color camera frame",
      "rank": 38,
      "distance_to_object_center": 0.0510025064413883
    },
    {
      "score": 0.1659889817237854,
      "translation_camera": [
        -0.02165374346077442,
        -0.04554159939289093,
        0.476000040769577
      ],
      "rotation_matrix_camera": [
        [
          0.4980229139328003,
          -0.6140506863594055,
          -0.6123030185699463
        ],
        [
          -0.3856969475746155,
          0.47555533051490784,
          -0.790623128414154
        ],
        [
          0.7766667008399963,
          0.6299118399620056,
          -2.7534321489497415e-08
        ]
      ],
      "width": 0.06295973807573318,
      "height": 0.019999999552965164,
      "depth": 0.019999999552965164,
      "object_id": -1,
      "frame": "RealSense D455 aligned color camera frame",
      "rank": 39,
      "distance_to_object_center": 0.039667755255569134
    },
    {
      "score": 0.16498415172100067,
      "translation_camera": [
        0.06358438730239868,
        -0.04272409528493881,
        0.45900002121925354
      ],
      "rotation_matrix_camera": [
        [
          0.4980229139328003,
          -0.6140506863594055,
          -0.6123030185699463
        ],
        [
          -0.3856969475746155,
          0.47555533051490784,
          -0.790623128414154
        ],
        [
          0.7766667008399963,
          0.6299118399620056,
          -2.7534321489497415e-08
        ]
      ],
      "width": 0.05731673166155815,
      "height": 0.019999999552965164,
      "depth": 0.019999999552965164,
      "object_id": -1,
      "frame": "RealSense D455 aligned color camera frame",
      "rank": 40,
      "distance_to_object_center": 0.05400846370429117
    },
    {
      "score": 0.16364367306232452,
      "translation_camera": [
        0.06433029472827911,
        0.03846277296543121,
        0.4920000433921814
      ],
      "rotation_matrix_camera": [
        [
          0.7549206018447876,
          0.3393512964248657,
          -0.561191201210022
        ],
        [
          -0.511854350566864,
          -0.23008842766284943,
          -0.8276861906051636
        ],
        [
          -0.4099999964237213,
          0.9120855331420898,
          -3.986852448178979e-08
        ]
      ],
      "width": 0.0692266896367073,
      "height": 0.019999999552965164,
      "depth": 0.019999999552965164,
      "object_id": -1,
      "frame": "RealSense D455 aligned color camera frame",
      "rank": 41,
      "distance_to_object_center": 0.08621640480731257
    },
    {
      "score": 0.1634170114994049,
      "translation_camera": [
        0.04703160375356674,
        0.03118668682873249,
        0.46000003814697266
      ],
      "rotation_matrix_camera": [
        [
          -0.10681723058223724,
          0.00249303737655282,
          -0.9942755699157715
        ],
        [
          -0.9940048456192017,
          0.023199768736958504,
          0.10684632509946823
        ],
        [
          0.023333333432674408,
          0.9997277855873108,
          -4.3699490248627626e-08
        ]
      ],
      "width": 0.047553759068250656,
      "height": 0.019999999552965164,
      "depth": 0.03999999910593033,
      "object_id": -1,
      "frame": "RealSense D455 aligned color camera frame",
      "rank": 42,
      "distance_to_object_center": 0.06833956813484718
    },
    {
      "score": 0.15532414615154266,
      "translation_camera": [
        0.049523502588272095,
        0.032450687140226364,
        0.4610000252723694
      ],
      "rotation_matrix_camera": [
        [
          -0.10681723058223724,
          0.00249303737655282,
          -0.9942755699157715
        ],
        [
          -0.9940048456192017,
          0.023199768736958504,
          0.10684632509946823
        ],
        [
          0.023333333432674408,
          0.9997277855873108,
          -4.3699490248627626e-08
        ]
      ],
      "width": 0.04881299287080765,
      "height": 0.019999999552965164,
      "depth": 0.03999999910593033,
      "object_id": -1,
      "frame": "RealSense D455 aligned color camera frame",
      "rank": 43,
      "distance_to_object_center": 0.07054283110750044
    },
    {
      "score": 0.1512438803911209,
      "translation_camera": [
        0.05453840270638466,
        -0.05871455743908882,
        0.46300002932548523
      ],
      "rotation_matrix_camera": [
        [
          0.4980229139328003,
          0.4325112998485565,
          -0.7516031265258789
        ],
        [
          -0.3856969475746155,
          0.8867660760879517,
          0.2547228932380676
        ],
        [
          0.7766667008399963,
          0.16303318738937378,
          0.6084480881690979
        ]
      ],
      "width": 0.07975046336650848,
      "height": 0.019999999552965164,
      "depth": 0.029999999329447746,
      "object_id": -1,
      "frame": "RealSense D455 aligned color camera frame",
      "rank": 44,
      "distance_to_object_center": 0.052562998137124485
    },
    {
      "score": 0.14465567469596863,
      "translation_camera": [
        0.05895397067070007,
        -0.039236344397068024,
        0.46000003814697266
      ],
      "rotation_matrix_camera": [
        [
          0.4980229139328003,
          0.6123030185699463,
          -0.6140506863594055
        ],
        [
          -0.3856969475746155,
          0.790623128414154,
          0.4755553603172302
        ],
        [
          0.7766667008399963,
          0.0,
          0.6299118399620056
        ]
      ],
      "width": 0.08346962928771973,
      "height": 0.019999999552965164,
      "depth": 0.009999999776482582,
      "object_id": -1,
      "frame": "RealSense D455 aligned color camera frame",
      "rank": 45,
      "distance_to_object_center": 0.04851085742477178
    },
    {
      "score": 0.14373363554477692,
      "translation_camera": [
        0.04693552479147911,
        0.035598915070295334,
        0.4710000157356262
      ],
      "rotation_matrix_camera": [
        [
          0.32332366704940796,
          -0.5531456470489502,
          -0.7677836418151855
        ],
        [
          -0.38744980096817017,
          0.6628532409667969,
          -0.6407091617584229
        ],
        [
          0.8633333444595337,
          0.5046340823173523,
          -2.2058255666479454e-08
        ]
      ],
      "width": 0.06623286753892899,
      "height": 0.019999999552965164,
      "depth": 0.019999999552965164,
      "object_id": -1,
      "frame": "RealSense D455 aligned color camera frame",
      "rank": 46,
      "distance_to_object_center": 0.07141314938519434
    },
    {
      "score": 0.14071011543273926,
      "translation_camera": [
        0.05442061275243759,
        -0.03940694034099579,
        0.4620000422000885
      ],
      "rotation_matrix_camera": [
        [
          0.4980229139328003,
          0.6123030185699463,
          -0.6140506863594055
        ],
        [
          -0.3856969475746155,
          0.790623128414154,
          0.4755553603172302
        ],
        [
          0.7766667008399963,
          0.0,
          0.6299118399620056
        ]
      ],
      "width": 0.07913902401924133,
      "height": 0.019999999552965164,
      "depth": 0.009999999776482582,
      "object_id": -1,
      "frame": "RealSense D455 aligned color camera frame",
      "rank": 47,
      "distance_to_object_center": 0.04388114675952278
    },
    {
      "score": 0.140355184674263,
      "translation_camera": [
        0.05882580950856209,
        -0.033195968717336655,
        0.45900002121925354
      ],
      "rotation_matrix_camera": [
        [
          0.32332366704940796,
          0.5984574556350708,
          -0.7330145835876465
        ],
        [
          -0.38744980096817017,
          0.7904365658760071,
          0.4744393229484558
        ],
        [
