{
  "success": true,
  "method": "graspnet_baseline_d455",
  "num_candidates": 352,
  "object_center_camera": [
    0.0005409109800394944,
    0.00969378830680426,
    0.4650000333786011
  ],
  "candidates": [
    {
      "score": 0.6083981990814209,
      "translation_camera": [
        0.0005356819601729512,
        0.00015318143414333463,
        0.4610000252723694
      ],
      "rotation_matrix_camera": [
        [
          0.5313771963119507,
          -0.7907350063323975,
          -0.3039349615573883
        ],
        [
          -0.16952382028102875,
          0.2522660195827484,
          -0.9526927471160889
        ],
        [
          0.8300000429153442,
          0.557763397693634,
          -2.4380613083963e-08
        ]
      ],
      "width": 0.07593898475170135,
      "height": 0.019999999552965164,
      "depth": 0.029999999329447746,
      "object_id": -1,
      "frame": "RealSense D455 aligned color camera frame",
      "rank": 0,
      "distance_to_object_center": 0.010345205251285875
    },
    {
      "score": 0.6015662550926208,
      "translation_camera": [
        -0.010464582592248917,
        0.02098323218524456,
        0.47200003266334534
      ],
      "rotation_matrix_camera": [
        [
          0.6540746092796326,
          0.42825940251350403,
          -0.6235225796699524
        ],
        [
          -0.309978187084198,
          0.9036558270454407,
          0.2954990267753601
        ],
        [
          0.690000057220459,
          0.0,
          0.7238094210624695
        ]
      ],
      "width": 0.07461269944906235,
      "height": 0.019999999552965164,
      "depth": 0.009999999776482582,
      "object_id": -1,
      "frame": "RealSense D455 aligned color camera frame",
      "rank": 1,
      "distance_to_object_center": 0.017250287587184016
    },
    {
      "score": 0.5622498989105225,
      "translation_camera": [
        -0.011713016778230667,
        0.023483041673898697,
        0.47300001978874207
      ],
      "rotation_matrix_camera": [
        [
          0.6540746092796326,
          0.42825940251350403,
          -0.6235225796699524
        ],
        [
          -0.309978187084198,
          0.9036558270454407,
          0.2954990267753601
        ],
        [
          0.690000057220459,
          0.0,
          0.7238094210624695
        ]
      ],
      "width": 0.07442881911993027,
      "height": 0.019999999552965164,
      "depth": 0.009999999776482582,
      "object_id": -1,
      "frame": "RealSense D455 aligned color camera frame",
      "rank": 2,
      "distance_to_object_center": 0.020107263276967102
    },
    {
      "score": 0.5367405414581299,
      "translation_camera": [
        -0.0006609025876969099,
        0.00375089468434453,
        0.4620000422000885
      ],
      "rotation_matrix_camera": [
        [
          0.6660667061805725,
          -0.7401613593101501,
          -0.09228425472974777
        ],
        [
          -0.06173091381788254,
          0.0685979425907135,
          -0.9957327246665955
        ],
        [
          0.7433333396911621,
          0.6689212322235107,
          -2.9239474841347146e-08
        ]
      ],
      "width": 0.07329592108726501,
      "height": 0.019999999552965164,
      "depth": 0.029999999329447746,
      "object_id": -1,
      "frame": "RealSense D455 aligned color camera frame",
      "rank": 3,
      "distance_to_object_center": 0.00676478288865364
    },
    {
      "score": 0.5273392200469971,
      "translation_camera": [
        0.0029196429532021284,
        -0.001041086739860475,
        0.46000003814697266
      ],
      "rotation_matrix_camera": [
        [
          0.6660667061805725,
          -0.7401613593101501,
          -0.09228425472974777
        ],
        [
          -0.06173091381788254,
          0.0685979425907135,
          -0.9957327246665955
        ],
        [
          0.7433333396911621,
          0.6689212322235107,
          -2.9239474841347146e-08
        ]
      ],
      "width": 0.08465100079774857,
      "height": 0.019999999552965164,
      "depth": 0.029999999329447746,
      "object_id": -1,
      "frame": "RealSense D455 aligned color camera frame",
      "rank": 4,
      "distance_to_object_center": 0.012078735876901949
    },
    {
      "score": 0.5182570815086365,
      "translation_camera": [
        0.0005356819601729512,
        0.00254624430090189,
        0.4610000252723694
      ],
      "rotation_matrix_camera": [
        [
          0.6660667061805725,
          -0.7401613593101501,
          -0.09228425472974777
        ],
        [
          -0.06173091381788254,
          0.0685979425907135,
          -0.9957327246665955
        ],
        [
          0.7433333396911621,
          0.6689212322235107,
          -2.9239474841347146e-08
        ]
      ],
      "width": 0.0771869421005249,
      "height": 0.019999999552965164,
      "depth": 0.029999999329447746,
      "object_id": -1,
      "frame": "RealSense D455 aligned color camera frame",
      "rank": 5,
      "distance_to_object_center": 0.008190694568159582
    },
    {
      "score": 0.5149043798446655,
      "translation_camera": [
        -0.010486752726137638,
        0.00015716880443505943,
        0.47300001978874207
      ],
      "rotation_matrix_camera": [
        [
          0.6660667061805725,
          -0.7401613593101501,
          -0.09228425472974777
        ],
        [
          -0.06173091381788254,
          0.0685979425907135,
          -0.9957327246665955
        ],
        [
          0.7433333396911621,
          0.6689212322235107,
          -2.9239474841347146e-08
        ]
      ],
      "width": 0.0770072415471077,
      "height": 0.019999999552965164,
      "depth": 0.029999999329447746,
      "object_id": -1,
      "frame": "RealSense D455 aligned color camera frame",
      "rank": 6,
      "distance_to_object_center": 0.016629980785074452
    },
    {
      "score": 0.502472996711731,
      "translation_camera": [
        0.001730835996568203,
        0.003742775646969676,
        0.4610000252723694
      ],
      "rotation_matrix_camera": [
        [
          0.6660667061805725,
          -0.7401613593101501,
          -0.09228425472974777
        ],
        [
          -0.06173091381788254,
          0.0685979425907135,
          -0.9957327246665955
        ],
        [
          0.7433333396911621,
          0.6689212322235107,
          -2.9239474841347146e-08
        ]
      ],
      "width": 0.07479412853717804,
      "height": 0.019999999552965164,
      "depth": 0.029999999329447746,
      "object_id": -1,
      "frame": "RealSense D455 aligned color camera frame",
      "rank": 7,
      "distance_to_object_center": 0.007268461878031112
    },
    {
      "score": 0.5021253824234009,
      "translation_camera": [
        0.0005356819601729512,
        0.004939306993037462,
        0.4610000252723694
      ],
      "rotation_matrix_camera": [
        [
          0.6660667061805725,
          -0.7401613593101501,
          -0.09228425472974777
        ],
        [
          -0.06173091381788254,
          0.0685979425907135,
          -0.9957327246665955
        ],
        [
          0.7433333396911621,
          0.6689212322235107,
          -2.9239474841347146e-08
        ]
      ],
      "width": 0.07256140559911728,
      "height": 0.019999999552965164,
      "depth": 0.029999999329447746,
      "object_id": -1,
      "frame": "RealSense D455 aligned color camera frame",
      "rank": 8,
      "distance_to_object_center": 0.00621330707075754
    },
    {
      "score": 0.4982524514198303,
      "translation_camera": [
        0.0029196429532021284,
        0.0013467851094901562,
        0.46000003814697266
      ],
      "rotation_matrix_camera": [
        [
          0.6660667061805725,
          -0.7401613593101501,
          -0.09228425472974777
        ],
        [
          -0.06173091381788254,
          0.0685979425907135,
          -0.9957327246665955
        ],
        [
          0.7433333396911621,
          0.6689212322235107,
          -2.9239474841347146e-08
        ]
      ],
      "width": 0.07945670932531357,
      "height": 0.019999999552965164,
      "depth": 0.029999999329447746,
      "object_id": -1,
      "frame": "RealSense D455 aligned color camera frame",
      "rank": 9,
      "distance_to_object_center": 0.01001652537022819
    },
    {
      "score": 0.485424667596817,
      "translation_camera": [
        -0.01419549435377121,
        0.018611596897244453,
        0.4740000367164612
      ],
      "rotation_matrix_camera": [
        [
          0.6540746092796326,
          0.42825940251350403,
          -0.6235225796699524
        ],
        [
          -0.309978187084198,
          0.9036558270454407,
          0.2954990267753601
        ],
        [
          0.690000057220459,
          0.0,
          0.7238094210624695
        ]
      ],
      "width": 0.07520358264446259,
      "height": 0.019999999552965164,
      "depth": 0.009999999776482582,
      "object_id": -1,
      "frame": "RealSense D455 aligned color camera frame",
      "rank": 10,
      "distance_to_object_center": 0.01943422270891189
    },
    {
      "score": 0.47554707527160645,
      "translation_camera": [
        -0.011737780645489693,
        0.002618047408759594,
        0.4740000367164612
      ],
      "rotation_matrix_camera": [
        [
          0.6540746092796326,
          0.059122234582901,
          -0.7541160583496094
        ],
        [
          -0.309978187084198,
          0.9303383827209473,
          -0.1959182620048523
        ],
        [
          0.690000057220459,
          0.36190471053123474,
          0.6268373131752014
        ]
      ],
      "width": 0.07807999104261398,
      "height": 0.019999999552965164,
      "depth": 0.029999999329447746,
      "object_id": -1,
      "frame": "RealSense D455 aligned color camera frame",
      "rank": 11,
      "distance_to_object_center": 0.016787865777775197
    },
    {
      "score": 0.47300153970718384,
      "translation_camera": [
        0.0017270814860239625,
        -0.005816830322146416,
        0.46000003814697266
      ],
      "rotation_matrix_camera": [
        [
          0.5313771963119507,
          -0.7907350063323975,
          -0.3039349615573883
        ],
        [
          -0.16952382028102875,
          0.2522660195827484,
          -0.9526927471160889
        ],
        [
          0.8300000429153442,
          0.557763397693634,
          -2.4380613083963e-08
        ]
      ],
      "width": 0.07866521179676056,
      "height": 0.019999999552965164,
      "depth": 0.029999999329447746,
      "object_id": -1,
      "frame": "RealSense D455 aligned color camera frame",
      "rank": 12,
      "distance_to_object_center": 0.016339713676754745
    },
    {
      "score": 0.4615668058395386,
      "translation_camera": [
        -0.015554513782262802,
        -0.002322480082511902,
        0.4780000150203705
      ],
      "rotation_matrix_camera": [
        [
          0.6540746092796326,
          0.059122234582901,
          -0.7541160583496094
        ],
        [
          -0.309978187084198,
          0.9303383827209473,
          -0.1959182620048523
        ],
        [
          0.690000057220459,
          0.36190471053123474,
          0.6268373131752014
        ]
      ],
      "width": 0.08000483363866806,
      "height": 0.019999999552965164,
      "depth": 0.029999999329447746,
      "object_id": -1,
      "frame": "RealSense D455 aligned color camera frame",
      "rank": 13,
      "distance_to_object_center": 0.023925988526482127
    },
    {
      "score": 0.4556378722190857,
      "translation_camera": [
        0.0017270814860239625,
        -0.008204702287912369,
        0.46000003814697266
      ],
      "rotation_matrix_camera": [
        [
          0.5313771963119507,
          -0.7907350063323975,
          -0.3039349615573883
        ],
        [
          -0.16952382028102875,
          0.2522660195827484,
          -0.9526927471160889
        ],
        [
          0.8300000429153442,
          0.557763397693634,
          -2.4380613083963e-08
        ]
      ],
      "width": 0.07750844955444336,
      "height": 0.019999999552965164,
      "depth": 0.029999999329447746,
      "object_id": -1,
      "frame": "RealSense D455 aligned color camera frame",
      "rank": 14,
      "distance_to_object_center": 0.018621571318090585
    },
    {
      "score": 0.4552687704563141,
      "translation_camera": [
        0.001730835996568203,
        0.007332370150834322,
        0.4610000252723694
      ],
      "rotation_matrix_camera": [
        [
          0.6660667061805725,
          -0.7401613593101501,
          -0.09228425472974777
        ],
        [
          -0.06173091381788254,
          0.0685979425907135,
          -0.9957327246665955
        ],
        [
          0.7433333396911621,
          0.6689212322235107,
          -2.9239474841347146e-08
        ]
      ],
      "width": 0.07027154415845871,
      "height": 0.019999999552965164,
      "depth": 0.029999999329447746,
      "object_id": -1,
      "frame": "RealSense D455 aligned color camera frame",
      "rank": 15,
      "distance_to_object_center": 0.004795026809333243
    },
    {
      "score": 0.4551405906677246,
      "translation_camera": [
        -0.013021348975598812,
        0.00386455818079412,
        0.476000040769577
      ],
      "rotation_matrix_camera": [
        [
          0.6540746092796326,
          0.059122234582901,
          -0.7541160583496094
        ],
        [
          -0.309978187084198,
          0.9303383827209473,
          -0.1959182620048523
        ],
        [
          0.690000057220459,
          0.36190471053123474,
          0.6268373131752014
        ]
      ],
      "width": 0.07723110914230347,
      "height": 0.019999999552965164,
      "depth": 0.029999999329447746,
      "object_id": -1,
      "frame": "RealSense D455 aligned color camera frame",
      "rank": 16,
      "distance_to_object_center": 0.018409643711050472
    },
    {
      "score": 0.45328620076179504,
      "translation_camera": [
        -0.011737780645489693,
        -0.001072772080078721,
        0.4740000367164612
      ],
      "rotation_matrix_camera": [
        [
          0.6660667061805725,
          -0.7401613593101501,
          -0.09228425472974777
        ],
        [
          -0.06173091381788254,
          0.0685979425907135,
          -0.9957327246665955
        ],
        [
          0.7433333396911621,
          0.6689212322235107,
          -2.9239474841347146e-08
        ]
      ],
      "width": 0.07932449132204056,
      "height": 0.019999999552965164,
      "depth": 0.029999999329447746,
      "object_id": -1,
      "frame": "RealSense D455 aligned color camera frame",
      "rank": 17,
      "distance_to_object_center": 0.01864631734902985
    },
    {
      "score": 0.44814959168434143,
      "translation_camera": [
        0.00765645457431674,
        -0.006980285048484802,
        0.4580000340938568
      ],
      "rotation_matrix_camera": [
        [
          0.5313771963119507,
          -0.7907350063323975,
          -0.3039349615573883
        ],
        [
          -0.16952382028102875,
          0.2522660195827484,
          -0.9526927471160889
        ],
        [
          0.8300000429153442,
          0.557763397693634,
          -2.4380613083963e-08
        ]
      ],
      "width": 0.08268778771162033,
      "height": 0.019999999552965164,
      "depth": 0.019999999552965164,
      "object_id": -1,
      "frame": "RealSense D455 aligned color camera frame",
      "rank": 18,
      "distance_to_object_center": 0.01943336493986671
    },
    {
      "score": 0.4459706246852875,
      "translation_camera": [
        0.002913295989856124,
        -0.009378205984830856,
        0.45900002121925354
      ],
      "rotation_matrix_camera": [
        [
          0.5313771963119507,
          -0.7907350063323975,
          -0.3039349615573883
        ],
        [
          -0.16952382028102875,
          0.2522660195827484,
          -0.9526927471160889
        ],
        [
          0.8300000429153442,
          0.557763397693634,
          -2.4380613083963e-08
        ]
      ],
      "width": 0.07820279151201248,
      "height": 0.019999999552965164,
      "depth": 0.029999999329447746,
      "object_id": -1,
      "frame": "RealSense D455 aligned color camera frame",
      "rank": 19,
      "distance_to_object_center": 0.020133785605476264
    },
    {
      "score": 0.44582095742225647,
      "translation_camera": [
        0.004112204536795616,
        0.004928593058139086,
        0.46000003814697266
      ],
      "rotation_matrix_camera": [
        [
          0.6660667061805725,
          -0.7401613593101501,
          -0.09228425472974777
        ],
        [
          -0.06173091381788254,
          0.0685979425907135,
          -0.9957327246665955
        ],
        [
          0.7433333396911621,
          0.6689212322235107,
          -2.9239474841347146e-08
        ]
      ],
      "width": 0.07434318959712982,
      "height": 0.019999999552965164,
      "depth": 0.029999999329447746,
      "object_id": -1,
      "frame": "RealSense D455 aligned color camera frame",
      "rank": 20,
      "distance_to_object_center": 0.007775678474752917
    },
    {
      "score": 0.44022682309150696,
      "translation_camera": [
        0.002925989916548133,
        0.008528901264071465,
        0.4610000252723694
      ],
      "rotation_matrix_camera": [
        [
          0.6660667061805725,
          -0.7401613593101501,
          -0.09228425472974777
        ],
        [
          -0.06173091381788254,
          0.0685979425907135,
          -0.9957327246665955
        ],
        [
          0.7433333396911621,
          0.6689212322235107,
          -2.9239474841347146e-08
        ]
      ],
      "width": 0.06988021731376648,
      "height": 0.019999999552965164,
      "depth": 0.029999999329447746,
      "object_id": -1,
      "frame": "RealSense D455 aligned color camera frame",
      "rank": 21,
      "distance_to_object_center": 0.004800586235619892
    },
    {
      "score": 0.42596435546875,
      "translation_camera": [
        0.006483202800154686,
        -0.0010388235095888376,
        0.45900002121925354
      ],
      "rotation_matrix_camera": [
        [
          0.6660667061805725,
          -0.7401613593101501,
          -0.09228425472974777
        ],
        [
          -0.06173091381788254,
          0.0685979425907135,
          -0.9957327246665955
        ],
        [
          0.7433333396911621,
          0.6689212322235107,
          -2.9239474841347146e-08
        ]
      ],
      "width": 0.08418823778629303,
      "height": 0.019999999552965164,
      "depth": 0.019999999552965164,
      "object_id": -1,
      "frame": "RealSense D455 aligned color camera frame",
      "rank": 22,
      "distance_to_object_center": 0.013656497881561981
    },
    {
      "score": 0.42456942796707153,
      "translation_camera": [
        0.004112204536795616,
        0.009704336524009705,
        0.46000003814697266
      ],
      "rotation_matrix_camera": [
        [
          0.6660667061805725,
          -0.7401613593101501,
          -0.09228425472974777
        ],
        [
          -0.06173091381788254,
          0.0685979425907135,
          -0.9957327246665955
        ],
        [
          0.7433333396911621,
          0.6689212322235107,
          -2.9239474841347146e-08
        ]
      ],
      "width": 0.06939086318016052,
      "height": 0.019999999552965164,
      "depth": 0.029999999329447746,
      "object_id": -1,
      "frame": "RealSense D455 aligned color camera frame",
      "rank": 23,
      "distance_to_object_center": 0.006144444747063881
    },
    {
      "score": 0.4242837131023407,
      "translation_camera": [
        -0.012966637499630451,
        0.005078593734651804,
        0.4740000367164612
      ],
      "rotation_matrix_camera": [
        [
          0.6540746092796326,
          0.059122234582901,
          -0.7541160583496094
        ],
        [
          -0.309978187084198,
          0.9303383827209473,
          -0.1959182620048523
        ],
        [
          0.690000057220459,
          0.36190471053123474,
          0.6268373131752014
        ]
      ],
      "width": 0.07591141760349274,
      "height": 0.019999999552965164,
      "depth": 0.029999999329447746,
      "object_id": -1,
      "frame": "RealSense D455 aligned color camera frame",
      "rank": 24,
      "distance_to_object_center": 0.016874653980184378
    },
    {
      "score": 0.4239652156829834,
      "translation_camera": [
        0.00530476588755846,
        0.007316465023905039,
        0.46000003814697266
      ],
      "rotation_matrix_camera": [
        [
          0.6660667061805725,
          -0.7401613593101501,
          -0.09228425472974777
        ],
        [
          -0.06173091381788254,
          0.0685979425907135,
          -0.9957327246665955
        ],
        [
          0.7433333396911621,
          0.6689212322235107,
          -2.9239474841347146e-08
        ]
      ],
      "width": 0.0733424723148346,
      "height": 0.019999999552965164,
      "depth": 0.029999999329447746,
      "object_id": -1,
      "frame": "RealSense D455 aligned color camera frame",
      "rank": 25,
      "distance_to_object_center": 0.0073038299465153335
    },
    {
      "score": 0.4227450489997864,
      "translation_camera": [
        -0.014285339042544365,
        0.002634617267176509,
        0.47700002789497375
      ],
      "rotation_matrix_camera": [
        [
          0.6540746092796326,
          0.059122234582901,
          -0.7541160583496094
        ],
        [
          -0.309978187084198,
          0.9303383827209473,
          -0.1959182620048523
        ],
        [
          0.690000057220459,
          0.36190471053123474,
          0.6268373131752014
        ]
      ],
      "width": 0.07826415449380875,
      "height": 0.019999999552965164,
      "depth": 0.029999999329447746,
      "object_id": -1,
      "frame": "RealSense D455 aligned color camera frame",
      "rank": 26,
      "distance_to_object_center": 0.02033837392447738
    },
    {
      "score": 0.4184601902961731,
      "translation_camera": [
        -0.010464582592248917,
        0.0038320827297866344,
        0.47200003266334534
      ],
      "rotation_matrix_camera": [
        [
          0.6540746092796326,
          0.059122234582901,
          -0.7541160583496094
        ],
        [
          -0.309978187084198,
          0.9303383827209473,
          -0.1959182620048523
        ],
        [
          0.690000057220459,
          0.36190471053123474,
          0.6268373131752014
        ]
      ],
      "width": 0.07618075609207153,
      "height": 0.019999999552965164,
      "depth": 0.029999999329447746,
      "object_id": -1,
      "frame": "RealSense D455 aligned color camera frame",
      "rank": 27,
      "distance_to_object_center": 0.014299666815270251
    },
    {
      "score": 0.41796472668647766,
      "translation_camera": [
        -0.015554513782262802,
        0.0001588302111485973,
        0.4780000150203705
      ],
      "rotation_matrix_camera": [
        [
          0.6540746092796326,
          0.059122234582901,
          -0.7541160583496094
        ],
        [
          -0.309978187084198,
          0.9303383827209473,
          -0.1959182620048523
        ],
        [
          0.690000057220459,
          0.36190471053123474,
          0.6268373131752014
        ]
      ],
      "width": 0.07918443530797958,
      "height": 0.019999999552965164,
      "depth": 0.029999999329447746,
      "object_id": -1,
      "frame": "RealSense D455 aligned color camera frame",
      "rank": 28,
      "distance_to_object_center": 0.022781080897340777
    },
    {
      "score": 0.4165516495704651,
      "translation_camera": [
        0.005293233785778284,
        0.002535197651013732,
        0.45900002121925354
      ],
      "rotation_matrix_camera": [
        [
          0.6660667061805725,
          -0.7401613593101501,
          -0.09228425472974777
        ],
        [
          -0.06173091381788254,
          0.0685979425907135,
          -0.9957327246665955
        ],
        [
          0.7433333396911621,
          0.6689212322235107,
          -2.9239474841347146e-08
        ]
      ],
      "width": 0.07725375890731812,
      "height": 0.019999999552965164,
      "depth": 0.029999999329447746,
      "object_id": -1,
      "frame": "RealSense D455 aligned color camera frame",
      "rank": 29,
      "distance_to_object_center": 0.010479987506644972
    },
    {
      "score": 0.41638773679733276,
      "translation_camera": [
        0.006497327703982592,
        0.010898272506892681,
        0.46000003814697266
      ],
      "rotation_matrix_camera": [
        [
          0.6660667061805725,
          -0.7401613593101501,
          -0.09228425472974777
        ],
        [
          -0.06173091381788254,
          0.0685979425907135,
          -0.9957327246665955
        ],
        [
          0.7433333396911621,
          0.6689212322235107,
          -2.9239474841347146e-08
        ]
      ],
      "width": 0.06975384056568146,
      "height": 0.019999999552965164,
      "depth": 0.019999999552965164,
      "object_id": -1,
      "frame": "RealSense D455 aligned color camera frame",
      "rank": 30,
      "distance_to_object_center": 0.007869538404114857
    },
    {
      "score": 0.40303611755371094,
      "translation_camera": [
        -0.017074808478355408,
        0.03926548361778259,
        0.48600003123283386
      ],
      "rotation_matrix_camera": [
        [
          0.9810783267021179,
          -0.00981128215789795,
          -0.19336247444152832
        ],
        [
          -0.1933528035879135,
          0.0019335818942636251,
          -0.9811273813247681
        ],
        [
          0.009999999776482582,
          0.9999499917030334,
          -4.3709203367825467e-08
        ]
      ],
      "width": 0.06734216958284378,
      "height": 0.019999999552965164,
      "depth": 0.019999999552965164,
      "object_id": -1,
      "frame": "RealSense D455 aligned color camera frame",
      "rank": 31,
      "distance_to_object_center": 0.040321193502672915
    },
    {
      "score": 0.40155768394470215,
      "translation_camera": [
        -0.01044241152703762,
        0.006268936675041914,
        0.4710000157356262
      ],
      "rotation_matrix_camera": [
        [
          0.6540746092796326,
          0.059122234582901,
          -0.7541160583496094
        ],
        [
          -0.309978187084198,
          0.9303383827209473,
          -0.1959182620048523
        ],
        [
          0.690000057220459,
          0.36190471053123474,
          0.6268373131752014
        ]
      ],
      "width": 0.07477834820747375,
      "height": 0.019999999552965164,
      "depth": 0.029999999329447746,
      "object_id": -1,
      "frame": "RealSense D455 aligned color camera frame",
      "rank": 32,
      "distance_to_object_center": 0.012975468017711921
    },
    {
      "score": 0.39888617396354675,
      "translation_camera": [
        0.010053109377622604,
        -0.008186865597963333,
        0.45900002121925354
      ],
      "rotation_matrix_camera": [
        [
          0.5313771963119507,
          -0.7907350063323975,
          -0.3039349615573883
        ],
        [
          -0.16952382028102875,
          0.2522660195827484,
          -0.9526927471160889
        ],
        [
          0.8300000429153442,
          0.557763397693634,
          -2.4380613083963e-08
        ]
      ],
      "width": 0.08242574334144592,
      "height": 0.019999999552965164,
      "depth": 0.019999999552965164,
      "object_id": -1,
      "frame": "RealSense D455 aligned color camera frame",
      "rank": 33,
      "distance_to_object_center": 0.021123443098353577
    },
    {
      "score": 0.3932650685310364,
      "translation_camera": [
        -0.009182175621390343,
        0.006242317613214254,
        0.46900004148483276
      ],
      "rotation_matrix_camera": [
        [
          0.6540746092796326,
          0.059122234582901,
          -0.7541160583496094
        ],
        [
          -0.309978187084198,
          0.9303383827209473,
          -0.1959182620048523
        ],
        [
          0.690000057220459,
          0.36190471053123474,
          0.6268373131752014
        ]
      ],
      "width": 0.07410001754760742,
      "height": 0.019999999552965164,
      "depth": 0.029999999329447746,
      "object_id": -1,
      "frame": "RealSense D455 aligned color camera frame",
      "rank": 34,
      "distance_to_object_center": 0.011065763771992167
    },
    {
      "score": 0.38891828060150146,
      "translation_camera": [
        0.0005356819601729512,
        -0.01061560120433569,
        0.4610000252723694
      ],
      "rotation_matrix_camera": [
        [
          0.5313771963119507,
          -0.7907350063323975,
          -0.3039349615573883
        ],
        [
          -0.16952382028102875,
          0.2522660195827484,
          -0.9526927471160889
        ],
        [
          0.8300000429153442,
          0.557763397693634,
          -2.4380613083963e-08
        ]
      ],
      "width": 0.07635625451803207,
      "height": 0.019999999552965164,
      "depth": 0.029999999329447746,
      "object_id": -1,
      "frame": "RealSense D455 aligned color camera frame",
      "rank": 35,
      "distance_to_object_center": 0.020699550587096553
    },
    {
      "score": 0.38589972257614136,
      "translation_camera": [
        0.00882452167570591,
        -0.009337342344224453,
        0.4570000171661377
      ],
      "rotation_matrix_camera": [
        [
          0.5313771963119507,
          -0.7907350063323975,
          -0.3039349615573883
        ],
        [
          -0.16952382028102875,
          0.2522660195827484,
          -0.9526927471160889
        ],
        [
          0.8300000429153442,
          0.557763397693634,
          -2.4380613083963e-08
        ]
      ],
      "width": 0.08109666407108307,
      "height": 0.019999999552965164,
      "depth": 0.019999999552965164,
      "object_id": -1,
      "frame": "RealSense D455 aligned color camera frame",
      "rank": 36,
      "distance_to_object_center": 0.022244154275080013
    },
    {
      "score": 0.38584527373313904,
      "translation_camera": [
        0.006483202800154686,
        0.004917878191918135,
        0.45900002121925354
      ],
      "rotation_matrix_camera": [
        [
          0.6660667061805725,
          -0.7401613593101501,
          -0.09228425472974777
        ],
        [
          -0.06173091381788254,
          0.0685979425907135,
          -0.9957327246665955
        ],
        [
          0.7433333396911621,
          0.6689212322235107,
          -2.9239474841347146e-08
        ]
      ],
      "width": 0.07518143951892853,
      "height": 0.019999999552965164,
      "depth": 0.029999999329447746,
      "object_id": -1,
      "frame": "RealSense D455 aligned color camera frame",
      "rank": 37,
      "distance_to_object_center": 0.009701561493553385
    },
    {
      "score": 0.38348063826560974,
      "translation_camera": [
        0.004121143836528063,
        0.028869936242699623,
        0.4610000252723694
      ],
      "rotation_matrix_camera": [
        [
          0.6540746092796326,
          -0.6235225796699524,
          -0.42825937271118164
        ],
        [
          -0.309978187084198,
          0.2954989969730377,
          -0.9036558270454407
        ],
        [
          0.690000057220459,
          0.7238094210624695,
          -3.1638712982839934e-08
        ]
      ],
      "width": 0.06104278191924095,
      "height": 0.019999999552965164,
      "depth": 0.019999999552965164,
      "object_id": -1,
      "frame": "RealSense D455 aligned color camera frame",
      "rank": 38,
      "distance_to_object_center": 0.019913381978356758
    },
    {
      "score": 0.38281458616256714,
      "translation_camera": [
        0.00886314082890749,
        0.009683240205049515,
        0.45900002121925354
      ],
      "rotation_matrix_camera": [
        [
          0.6660667061805725,
          -0.7401613593101501,
          -0.09228425472974777
        ],
        [
          -0.06173091381788254,
          0.0685979425907135,
          -0.9957327246665955
        ],
        [
          0.7433333396911621,
          0.6689212322235107,
          -2.9239474841347146e-08
        ]
      ],
      "width": 0.07264605909585953,
      "height": 0.019999999552965164,
      "depth": 0.019999999552965164,
      "object_id": -1,
      "frame": "RealSense D455 aligned color camera frame",
      "rank": 39,
      "distance_to_object_center": 0.010259618259572736
    },
    {
      "score": 0.3822598159313202,
      "translation_camera": [
        -0.01807069405913353,
        -0.0010840881150215864,
        0.4790000319480896
      ],
      "rotation_matrix_camera": [
        [
          0.6540746092796326,
          0.059122234582901,
          -0.7541160583496094
        ],
        [
          -0.309978187084198,
          0.9303383827209473,
          -0.1959182620048523
        ],
        [
          0.690000057220459,
          0.36190471053123474,
          0.6268373131752014
        ]
      ],
      "width": 0.07833833247423172,
      "height": 0.019999999552965164,
      "depth": 0.029999999329447746,
      "object_id": -1,
      "frame": "RealSense D455 aligned color camera frame",
      "rank": 40,
      "distance_to_object_center": 0.025662315215973806
    },
    {
      "score": 0.38017478585243225,
      "translation_camera": [
        -0.005463689565658569,
        -0.016670268028974533,
        0.46300002932548523
      ],
      "rotation_matrix_camera": [
        [
          0.4980229139328003,
          -0.6140506863594055,
          -0.6123030185699463
        ],
        [
          -0.3856969475746155,
          0.47555533051490784,
          -0.790623128414154
        ],
        [
          0.7766667008399963,
          0.6299118399620056,
          -2.7534321489497415e-08
        ]
      ],
      "width": 0.06942176073789597,
      "height": 0.019999999552965164,
      "depth": 0.029999999329447746,
      "object_id": -1,
      "frame": "RealSense D455 aligned color camera frame",
      "rank": 41,
      "distance_to_object_center": 0.02711307268462937
    },
    {
      "score": 0.37639155983924866,
      "translation_camera": [
        0.011316563002765179,
        0.03372906893491745,
        0.4620000422000885
      ],
      "rotation_matrix_camera": [
        [
          0.4980229139328003,
          -0.6140506863594055,
          -0.6123030185699463
        ],
        [
          -0.3856969475746155,
          0.47555533051490784,
          -0.790623128414154
        ],
        [
          0.7766667008399963,
          0.6299118399620056,
          -2.7534321489497415e-08
        ]
      ],
      "width": 0.06795581430196762,
      "height": 0.019999999552965164,
      "depth": 0.019999999552965164,
      "object_id": -1,
      "frame": "RealSense D455 aligned color camera frame",
      "rank": 42,
      "distance_to_object_center": 0.026510551455188155
    },
    {
      "score": 0.3738749325275421,
      "translation_camera": [
        -0.01700454205274582,
        0.037847671657800674,
        0.484000027179718
      ],
      "rotation_matrix_camera": [
        [
          0.9810783267021179,
          -0.00981128215789795,
          -0.19336247444152832
        ],
        [
          -0.1933528035879135,
          0.0019335818942636251,
          -0.9811273813247681
        ],
        [
          0.009999999776482582,
          0.9999499917030334,
          -4.3709203367825467e-08
        ]
      ],
      "width": 0.0696226954460144,
      "height": 0.019999999552965164,
      "depth": 0.019999999552965164,
      "object_id": -1,
      "frame": "RealSense D455 aligned color camera frame",
      "rank": 43,
      "distance_to_object_center": 0.03822935827750279
    },
    {
      "score": 0.3685346841812134,
      "translation_camera": [
        0.00886314082890749,
        0.0013438572641462088,
        0.45900002121925354
      ],
      "rotation_matrix_camera": [
        [
          0.6660667061805725,
          -0.7401613593101501,
          -0.09228425472974777
        ],
        [
          -0.06173091381788254,
          0.0685979425907135,
          -0.9957327246665955
        ],
        [
          0.7433333396911621,
          0.6689212322235107,
          -2.9239474841347146e-08
        ]
      ],
      "width": 0.0779656171798706,
      "height": 0.019999999552965164,
      "depth": 0.019999999552965164,
      "object_id": -1,
      "frame": "RealSense D455 aligned color camera frame",
      "rank": 44,
      "distance_to_object_center": 0.01322803855402804
    },
    {
      "score": 0.36245599389076233,
      "translation_camera": [
        -0.007949295453727245,
        0.0037996075116097927,
        0.46800002455711365
      ],
      "rotation_matrix_camera": [
        [
          0.6540746092796326,
          0.059122234582901,
          -0.7541160583496094
        ],
        [
          -0.309978187084198,
          0.9303383827209473,
          -0.1959182620048523
        ],
        [
          0.690000057220459,
          0.36190471053123474,
          0.6268373131752014
        ]
      ],
      "width": 0.07658687233924866,
      "height": 0.019999999552965164,
      "depth": 0.03999999910593033,
      "object_id": -1,
      "frame": "RealSense D455 aligned color camera frame",
      "rank": 45,
      "distance_to_object_center": 0.010762198641800228
    },
    {
      "score": 0.3603418469429016,
      "translation_camera": [
        0.01614241488277912,
        0.03260035067796707,
        0.46300002932548523
      ],
      "rotation_matrix_camera": [
        [
          0.4980229139328003,
          -0.6140506863594055,
          -0.6123030185699463
        ],
        [
          -0.3856969475746155,
          0.47555533051490784,
          -0.790623128414154
        ],
        [
          0.7766667008399963,
          0.6299118399620056,
          -2.7534321489497415e-08
        ]
      ],
      "width": 0.07007525861263275,
      "height": 0.019999999552965164,
      "depth": 0.019999999552965164,
      "object_id": -1,
      "frame": "RealSense D455 aligned color camera frame",
      "rank": 46,
      "distance_to_object_center": 0.027787003075244582
    },
    {
      "score": 0.3594262897968292,
      "translation_camera": [
        0.00886314082890749,
        -0.002230163896456361,
        0.45900002121925354
      ],
      "rotation_matrix_camera": [
        [
          0.6660667061805725,
          -0.7401613593101501,
          -0.09228425472974777
        ],
        [
          -0.06173091381788254,
          0.0685979425907135,
          -0.9957327246665955
        ],
        [
          0.7433333396911621,
          0.6689212322235107,
          -2.9239474841347146e-08
        ]
      ],
      "width": 0.08417240530252457,
      "height": 0.019999999552965164,
      "depth": 0.019999999552965164,
      "object_id": -1,
      "frame": "RealSense D455 aligned color camera frame",
      "rank": 47,
      "distance_to_object_center": 0.015730234954232293
    },
    {
      "score": 0.35871613025665283,
      "translation_camera": [
        0.012514309957623482,
        0.03133081644773483,
        0.4620000422000885
      ],
      "rotation_matrix_camera": [
        [
          0.4980229139328003,
          -0.6140506863594055,
          -0.6123030185699463
        ],
        [
          -0.3856969475746155,
