{
  "success": true,
  "method": "graspnet_baseline_d455",
  "num_candidates": 864,
  "object_center_camera": [
    -0.002931498467628451,
    -0.0033255051944683155,
    0.44600003957748413
  ],
  "candidates": [
    {
      "score": 0.2851194143295288,
      "translation_camera": [
        -0.004209248349070549,
        0.02625429257750511,
        0.4570000171661377
      ],
      "rotation_matrix_camera": [
        [
          0.8544597029685974,
          0.03706137463450432,
          -0.5181940793991089
        ],
        [
          -0.517707347869873,
          -0.022455113008618355,
          -0.8552629947662354
        ],
        [
          -0.04333333298563957,
          0.9990606307983398,
          -4.367032602203835e-08
        ]
      ],
      "width": 0.06454771012067795,
      "height": 0.019999999552965164,
      "depth": 0.019999999552965164,
      "object_id": -1,
      "frame": "RealSense D455 aligned color camera frame",
      "rank": 0,
      "distance_to_object_center": 0.03158475245971148
    },
    {
      "score": 0.2797408699989319,
      "translation_camera": [
        -0.0030241417698562145,
        0.02506781928241253,
        0.4570000171661377
      ],
      "rotation_matrix_camera": [
        [
          0.8544597029685974,
          0.03706137463450432,
          -0.5181940793991089
        ],
        [
          -0.517707347869873,
          -0.022455113008618355,
          -0.8552629947662354
        ],
        [
          -0.04333333298563957,
          0.9990606307983398,
          -4.367032602203835e-08
        ]
      ],
      "width": 0.06551844626665115,
      "height": 0.019999999552965164,
      "depth": 0.019999999552965164,
      "object_id": -1,
      "frame": "RealSense D455 aligned color camera frame",
      "rank": 1,
      "distance_to_object_center": 0.030449777742731873
    },
    {
      "score": 0.2769380211830139,
      "translation_camera": [
        -0.005382551811635494,
        0.025012966245412827,
        0.45600003004074097
      ],
      "rotation_matrix_camera": [
        [
          0.8544597029685974,
          0.03706137463450432,
          -0.5181940793991089
        ],
        [
          -0.517707347869873,
          -0.022455113008618355,
          -0.8552629947662354
        ],
        [
          -0.04333333298563957,
          0.9990606307983398,
          -4.367032602203835e-08
        ]
      ],
      "width": 0.0628642737865448,
      "height": 0.019999999552965164,
      "depth": 0.019999999552965164,
      "object_id": -1,
      "frame": "RealSense D455 aligned color camera frame",
      "rank": 2,
      "distance_to_object_center": 0.03015089443630744
    },
    {
      "score": 0.2749010920524597,
      "translation_camera": [
        -0.00537074776366353,
        0.023776832967996597,
        0.45500001311302185
      ],
      "rotation_matrix_camera": [
        [
          0.8544597029685974,
          0.03706137463450432,
          -0.5181940793991089
        ],
        [
          -0.517707347869873,
          -0.022455113008618355,
          -0.8552629947662354
        ],
        [
          -0.04333333298563957,
          0.9990606307983398,
          -4.367032602203835e-08
        ]
      ],
      "width": 0.06226013973355293,
      "height": 0.019999999552965164,
      "depth": 0.019999999552965164,
      "object_id": -1,
      "frame": "RealSense D455 aligned color camera frame",
      "rank": 3,
      "distance_to_object_center": 0.02866158046307267
    },
    {
      "score": 0.2720769941806793,
      "translation_camera": [
        -0.004190827254205942,
        0.023776832967996597,
        0.45500001311302185
      ],
      "rotation_matrix_camera": [
        [
          0.8544597029685974,
          0.03706137463450432,
          -0.5181940793991089
        ],
        [
          -0.517707347869873,
          -0.022455113008618355,
          -0.8552629947662354
        ],
        [
          -0.04333333298563957,
          0.9990606307983398,
          -4.367032602203835e-08
        ]
      ],
      "width": 0.06197155639529228,
      "height": 0.019999999552965164,
      "depth": 0.019999999552965164,
      "object_id": -1,
      "frame": "RealSense D455 aligned color camera frame",
      "rank": 4,
      "distance_to_object_center": 0.028585348808536238
    },
    {
      "score": 0.2687205970287323,
      "translation_camera": [
        -0.006565065123140812,
        0.02619684301316738,
        0.45600003004074097
      ],
      "rotation_matrix_camera": [
        [
          0.8544597029685974,
          0.03706137463450432,
          -0.5181940793991089
        ],
        [
          -0.517707347869873,
          -0.022455113008618355,
          -0.8552629947662354
        ],
        [
          -0.04333333298563957,
          0.9990606307983398,
          -4.367032602203835e-08
        ]
      ],
      "width": 0.06278329342603683,
      "height": 0.019999999552965164,
      "depth": 0.019999999552965164,
      "object_id": -1,
      "frame": "RealSense D455 aligned color camera frame",
      "rank": 5,
      "distance_to_object_center": 0.03138107167701845
    },
    {
      "score": 0.26753032207489014,
      "translation_camera": [
        -0.003017524490132928,
        0.023829089477658272,
        0.45600003004074097
      ],
      "rotation_matrix_camera": [
        [
          0.8544597029685974,
          0.03706137463450432,
          -0.5181940793991089
        ],
        [
          -0.517707347869873,
          -0.022455113008618355,
          -0.8552629947662354
        ],
        [
          -0.04333333298563957,
          0.9990606307983398,
          -4.367032602203835e-08
        ]
      ],
      "width": 0.0634380429983139,
      "height": 0.019999999552965164,
      "depth": 0.019999999552965164,
      "object_id": -1,
      "frame": "RealSense D455 aligned color camera frame",
      "rank": 6,
      "distance_to_object_center": 0.02893750544793489
    },
    {
      "score": 0.2661663591861725,
      "translation_camera": [
        -0.005358944181352854,
        0.022545892745256424,
        0.4540000259876251
      ],
      "rotation_matrix_camera": [
        [
          0.8544597029685974,
          0.03706137463450432,
          -0.5181940793991089
        ],
        [
          -0.517707347869873,
          -0.022455113008618355,
          -0.8552629947662354
        ],
        [
          -0.04333333298563957,
          0.9990606307983398,
          -4.367032602203835e-08
        ]
      ],
      "width": 0.061162885278463364,
      "height": 0.019999999552965164,
      "depth": 0.019999999552965164,
      "object_id": -1,
      "frame": "RealSense D455 aligned color camera frame",
      "rank": 7,
      "distance_to_object_center": 0.027188628259092313
    },
    {
      "score": 0.2657840847969055,
      "translation_camera": [
        -0.003004289697855711,
        0.021367209032177925,
        0.4540000259876251
      ],
      "rotation_matrix_camera": [
        [
          0.8544597029685974,
          0.03706137463450432,
          -0.5181940793991089
        ],
        [
          -0.517707347869873,
          -0.022455113008618355,
          -0.8552629947662354
        ],
        [
          -0.04333333298563957,
          0.9990606307983398,
          -4.367032602203835e-08
        ]
      ],
      "width": 0.05961510166525841,
      "height": 0.019999999552965164,
      "depth": 0.019999999552965164,
      "object_id": -1,
      "frame": "RealSense D455 aligned color camera frame",
      "rank": 8,
      "distance_to_object_center": 0.02595640994059957
    },
    {
      "score": 0.26556405425071716,
      "translation_camera": [
        -0.004181616939604282,
        0.022545892745256424,
        0.4540000259876251
      ],
      "rotation_matrix_camera": [
        [
          0.8544597029685974,
          0.03706137463450432,
          -0.5181940793991089
        ],
        [
          -0.517707347869873,
          -0.022455113008618355,
          -0.8552629947662354
        ],
        [
          -0.04333333298563957,
          0.9990606307983398,
          -4.367032602203835e-08
        ]
      ],
      "width": 0.0604705885052681,
      "height": 0.019999999552965164,
      "depth": 0.019999999552965164,
      "object_id": -1,
      "frame": "RealSense D455 aligned color camera frame",
      "rank": 9,
      "distance_to_object_center": 0.027108888027951448
    },
    {
      "score": 0.2652103006839752,
      "translation_camera": [
        -0.006550667807459831,
        0.023776832967996597,
        0.45500001311302185
      ],
      "rotation_matrix_camera": [
        [
          0.8544597029685974,
          0.03706137463450432,
          -0.5181940793991089
        ],
        [
          -0.517707347869873,
          -0.022455113008618355,
          -0.8552629947662354
        ],
        [
          -0.04333333298563957,
          0.9990606307983398,
          -4.367032602203835e-08
        ]
      ],
      "width": 0.06142647936940193,
      "height": 0.019999999552965164,
      "depth": 0.019999999552965164,
      "object_id": -1,
      "frame": "RealSense D455 aligned color camera frame",
      "rank": 10,
      "distance_to_object_center": 0.02878601473325818
    },
    {
      "score": 0.2651897370815277,
      "translation_camera": [
        -0.006550667807459831,
        0.024958113208413124,
        0.45500001311302185
      ],
      "rotation_matrix_camera": [
        [
          0.8544597029685974,
          0.03706137463450432,
          -0.5181940793991089
        ],
        [
          -0.517707347869873,
          -0.022455113008618355,
          -0.8552629947662354
        ],
        [
          -0.04333333298563957,
          0.9990606307983398,
          -4.367032602203835e-08
        ]
      ],
      "width": 0.06156935542821884,
      "height": 0.019999999552965164,
      "depth": 0.019999999552965164,
      "object_id": -1,
      "frame": "RealSense D455 aligned color camera frame",
      "rank": 11,
      "distance_to_object_center": 0.029900852501401502
    },
    {
      "score": 0.26507723331451416,
      "translation_camera": [
        -0.0018309865845367312,
        0.02259555272758007,
        0.45500001311302185
      ],
      "rotation_matrix_camera": [
        [
          0.8544597029685974,
          0.03706137463450432,
          -0.5181940793991089
        ],
        [
          -0.517707347869873,
          -0.022455113008618355,
          -0.8552629947662354
        ],
        [
          -0.04333333298563957,
          0.9990606307983398,
          -4.367032602203835e-08
        ]
      ],
      "width": 0.06124505400657654,
      "height": 0.019999999552965164,
      "depth": 0.019999999552965164,
      "object_id": -1,
      "frame": "RealSense D455 aligned color camera frame",
      "rank": 12,
      "distance_to_object_center": 0.027461097826623624
    },
    {
      "score": 0.2650366723537445,
      "translation_camera": [
        -0.0030109069775789976,
        0.02259555272758007,
        0.45500001311302185
      ],
      "rotation_matrix_camera": [
        [
          0.8544597029685974,
          0.03706137463450432,
          -0.5181940793991089
        ],
        [
          -0.517707347869873,
          -0.022455113008618355,
          -0.8552629947662354
        ],
        [
          -0.04333333298563957,
          0.9990606307983398,
          -4.367032602203835e-08
        ]
      ],
      "width": 0.0612415112555027,
      "height": 0.019999999552965164,
      "depth": 0.019999999552965164,
      "object_id": -1,
      "frame": "RealSense D455 aligned color camera frame",
      "rank": 13,
      "distance_to_object_center": 0.027439152194446884
    },
    {
      "score": 0.2598525881767273,
      "translation_camera": [
        -0.00534714013338089,
        0.021320145577192307,
        0.4530000388622284
      ],
      "rotation_matrix_camera": [
        [
          0.8544597029685974,
          0.03706137463450432,
          -0.5181940793991089
        ],
        [
          -0.517707347869873,
          -0.022455113008618355,
          -0.8552629947662354
        ],
        [
          -0.04333333298563957,
          0.9990606307983398,
          -4.367032602203835e-08
        ]
      ],
      "width": 0.05987891927361488,
      "height": 0.019999999552965164,
      "depth": 0.019999999552965164,
      "object_id": -1,
      "frame": "RealSense D455 aligned color camera frame",
      "rank": 14,
      "distance_to_object_center": 0.02573409055324076
    },
    {
      "score": 0.2588443458080292,
      "translation_camera": [
        -0.006536270957440138,
        0.022545892745256424,
        0.4540000259876251
      ],
      "rotation_matrix_camera": [
        [
          0.8544597029685974,
          0.03706137463450432,
          -0.5181940793991089
        ],
        [
          -0.517707347869873,
          -0.022455113008618355,
          -0.8552629947662354
        ],
        [
          -0.04333333298563957,
          0.9990606307983398,
          -4.367032602203835e-08
        ]
      ],
      "width": 0.060283493250608444,
      "height": 0.019999999552965164,
      "depth": 0.019999999552965164,
      "object_id": -1,
      "frame": "RealSense D455 aligned color camera frame",
      "rank": 15,
      "distance_to_object_center": 0.027318920158405553
    },
    {
      "score": 0.2572091221809387,
      "translation_camera": [
        -0.004181616939604282,
        0.021367209032177925,
        0.4540000259876251
      ],
      "rotation_matrix_camera": [
        [
          0.8544597029685974,
          0.03706137463450432,
          -0.5181940793991089
        ],
        [
          -0.517707347869873,
          -0.022455113008618355,
          -0.8552629947662354
        ],
        [
          -0.04333333298563957,
          0.9990606307983398,
          -4.367032602203835e-08
        ]
      ],
      "width": 0.059978023171424866,
      "height": 0.019999999552965164,
      "depth": 0.019999999552965164,
      "object_id": -1,
      "frame": "RealSense D455 aligned color camera frame",
      "rank": 16,
      "distance_to_object_center": 0.02598639479872561
    },
    {
      "score": 0.2559361159801483,
      "translation_camera": [
        -0.0018269625725224614,
        0.021367209032177925,
        0.4540000259876251
      ],
      "rotation_matrix_camera": [
        [
          0.8544597029685974,
          0.03706137463450432,
          -0.5181940793991089
        ],
        [
          -0.517707347869873,
          -0.022455113008618355,
          -0.8552629947662354
        ],
        [
          -0.04333333298563957,
          0.9990606307983398,
          -4.367032602203835e-08
        ]
      ],
      "width": 0.059994809329509735,
      "height": 0.019999999552965164,
      "depth": 0.019999999552965164,
      "object_id": -1,
      "frame": "RealSense D455 aligned color camera frame",
      "rank": 17,
      "distance_to_object_center": 0.025979798266823315
    },
    {
      "score": 0.2547444701194763,
      "translation_camera": [
        -0.0006482044700533152,
        0.020144056528806686,
        0.4530000388622284
      ],
      "rotation_matrix_camera": [
        [
          0.8544597029685974,
          0.03706137463450432,
          -0.5181940793991089
        ],
        [
          -0.517707347869873,
          -0.022455113008618355,
          -0.8552629947662354
        ],
        [
          -0.04333333298563957,
          0.9990606307983398,
          -4.367032602203835e-08
        ]
      ],
      "width": 0.05873308330774307,
      "height": 0.019999999552965164,
      "depth": 0.019999999552965164,
      "object_id": -1,
      "frame": "RealSense D455 aligned color camera frame",
      "rank": 18,
      "distance_to_object_center": 0.024597433787864904
    },
    {
      "score": 0.2541086673736572,
      "translation_camera": [
        -0.0018229384440928698,
        0.018967969343066216,
        0.4530000388622284
      ],
      "rotation_matrix_camera": [
        [
          0.8544597029685974,
          0.03706137463450432,
          -0.5181940793991089
        ],
        [
          -0.517707347869873,
          -0.022455113008618355,
          -0.8552629947662354
        ],
        [
          -0.04333333298563957,
          0.9990606307983398,
          -4.367032602203835e-08
        ]
      ],
      "width": 0.05817799270153046,
      "height": 0.019999999552965164,
      "depth": 0.019999999552965164,
      "object_id": -1,
      "frame": "RealSense D455 aligned color camera frame",
      "rank": 19,
      "distance_to_object_center": 0.0233929028183315
    },
    {
      "score": 0.25021377205848694,
      "translation_camera": [
        -0.0029976724181324244,
        0.020144056528806686,
        0.4530000388622284
      ],
      "rotation_matrix_camera": [
        [
          0.8544597029685974,
          0.03706137463450432,
          -0.5181940793991089
        ],
        [
          -0.517707347869873,
          -0.022455113008618355,
          -0.8552629947662354
        ],
        [
          -0.04333333298563957,
          0.9990606307983398,
          -4.367032602203835e-08
        ]
      ],
      "width": 0.05808402970433235,
      "height": 0.019999999552965164,
      "depth": 0.019999999552965164,
      "object_id": -1,
      "frame": "RealSense D455 aligned color camera frame",
      "rank": 20,
      "distance_to_object_center": 0.024491318797907977
    },
    {
      "score": 0.2493530809879303,
      "translation_camera": [
        -0.004172406159341335,
        0.020144056528806686,
        0.4530000388622284
      ],
      "rotation_matrix_camera": [
        [
          0.8544597029685974,
          0.03706137463450432,
          -0.5181940793991089
        ],
        [
          -0.517707347869873,
          -0.022455113008618355,
          -0.8552629947662354
        ],
        [
          -0.04333333298563957,
          0.9990606307983398,
          -4.367032602203835e-08
        ]
      ],
      "width": 0.05796077847480774,
      "height": 0.019999999552965164,
      "depth": 0.019999999552965164,
      "object_id": -1,
      "frame": "RealSense D455 aligned color camera frame",
      "rank": 21,
      "distance_to_object_center": 0.024522646051525262
    },
    {
      "score": 0.24897725880146027,
      "translation_camera": [
        -0.0065218741074204445,
        0.020144056528806686,
        0.4530000388622284
      ],
      "rotation_matrix_camera": [
        [
          0.8544597029685974,
          0.03706137463450432,
          -0.5181940793991089
        ],
        [
          -0.517707347869873,
          -0.022455113008618355,
          -0.8552629947662354
        ],
        [
          -0.04333333298563957,
          0.9990606307983398,
          -4.367032602203835e-08
        ]
      ],
      "width": 0.05983619764447212,
      "height": 0.019999999552965164,
      "depth": 0.019999999552965164,
      "object_id": -1,
      "frame": "RealSense D455 aligned color camera frame",
      "rank": 22,
      "distance_to_object_center": 0.024753002135172352
    },
    {
      "score": 0.2476259469985962,
      "translation_camera": [
        -0.0029976724181324244,
        0.018967969343066216,
        0.4530000388622284
      ],
      "rotation_matrix_camera": [
        [
          0.8544597029685974,
          0.03706137463450432,
          -0.5181940793991089
        ],
        [
          -0.517707347869873,
          -0.022455113008618355,
          -0.8552629947662354
        ],
        [
          -0.04333333298563957,
          0.9990606307983398,
          -4.367032602203835e-08
        ]
      ],
      "width": 0.05782000720500946,
      "height": 0.019999999552965164,
      "depth": 0.019999999552965164,
      "object_id": -1,
      "frame": "RealSense D455 aligned color camera frame",
      "rank": 23,
      "distance_to_object_center": 0.023366715129299755
    },
    {
      "score": 0.2475513219833374,
      "translation_camera": [
        -0.0065218741074204445,
        0.021320145577192307,
        0.4530000388622284
      ],
      "rotation_matrix_camera": [
        [
          0.8544597029685974,
          0.03706137463450432,
          -0.5181940793991089
        ],
        [
          -0.517707347869873,
          -0.022455113008618355,
          -0.8552629947662354
        ],
        [
          -0.04333333298563957,
          0.9990606307983398,
          -4.367032602203835e-08
        ]
      ],
      "width": 0.05978870391845703,
      "height": 0.019999999552965164,
      "depth": 0.019999999552965164,
      "object_id": -1,
      "frame": "RealSense D455 aligned color camera frame",
      "rank": 24,
      "distance_to_object_center": 0.025870811529209666
    },
    {
      "score": 0.24728161096572876,
      "translation_camera": [
        -0.00534714013338089,
        0.020144056528806686,
        0.4530000388622284
      ],
      "rotation_matrix_camera": [
        [
          0.8544597029685974,
          0.03706137463450432,
          -0.5181940793991089
        ],
        [
          -0.517707347869873,
          -0.022455113008618355,
          -0.8552629947662354
        ],
        [
          -0.04333333298563957,
          0.9990606307983398,
          -4.367032602203835e-08
        ]
      ],
      "width": 0.059343669563531876,
      "height": 0.019999999552965164,
      "depth": 0.019999999552965164,
      "object_id": -1,
      "frame": "RealSense D455 aligned color camera frame",
      "rank": 25,
      "distance_to_object_center": 0.024610071965078736
    },
    {
      "score": 0.2461869716644287,
      "translation_camera": [
        -0.0018229384440928698,
        0.020144056528806686,
        0.4530000388622284
      ],
      "rotation_matrix_camera": [
        [
          0.8544597029685974,
          0.03706137463450432,
          -0.5181940793991089
        ],
        [
          -0.517707347869873,
          -0.022455113008618355,
          -0.8552629947662354
        ],
        [
          -0.04333333298563957,
          0.9990606307983398,
          -4.367032602203835e-08
        ]
      ],
      "width": 0.05827077478170395,
      "height": 0.019999999552965164,
      "depth": 0.019999999552965164,
      "object_id": -1,
      "frame": "RealSense D455 aligned color camera frame",
      "rank": 26,
      "distance_to_object_center": 0.024516305243547944
    },
    {
      "score": 0.24390771985054016,
      "translation_camera": [
        0.0005265294457785785,
        0.018967969343066216,
        0.4530000388622284
      ],
      "rotation_matrix_camera": [
        [
          0.8544597029685974,
          0.03706137463450432,
          -0.5181940793991089
        ],
        [
          -0.517707347869873,
          -0.022455113008618355,
          -0.8552629947662354
        ],
        [
          -0.04333333298563957,
          0.9990606307983398,
          -4.367032602203835e-08
        ]
      ],
      "width": 0.058528173714876175,
      "height": 0.019999999552965164,
      "depth": 0.019999999552965164,
      "object_id": -1,
      "frame": "RealSense D455 aligned color camera frame",
      "rank": 27,
      "distance_to_object_center": 0.023621112463049296
    },
    {
      "score": 0.2436884343624115,
      "translation_camera": [
        -0.0006482044700533152,
        0.018967969343066216,
        0.4530000388622284
      ],
      "rotation_matrix_camera": [
        [
          0.8544597029685974,
          0.03706137463450432,
          -0.5181940793991089
        ],
        [
          -0.517707347869873,
          -0.022455113008618355,
          -0.8552629947662354
        ],
        [
          -0.04333333298563957,
          0.9990606307983398,
          -4.367032602203835e-08
        ]
      ],
      "width": 0.0573798231780529,
      "height": 0.019999999552965164,
      "depth": 0.019999999552965164,
      "object_id": -1,
      "frame": "RealSense D455 aligned color camera frame",
      "rank": 28,
      "distance_to_object_center": 0.023477913630079724
    },
    {
      "score": 0.24213917553424835,
      "translation_camera": [
        -0.0029579680413007736,
        0.005951122380793095,
        0.44700002670288086
      ],
      "rotation_matrix_camera": [
        [
          0.9810783267021179,
          -0.00981128215789795,
          -0.19336247444152832
        ],
        [
          -0.1933528035879135,
          0.0019335818942636251,
          -0.9811273813247681
        ],
        [
          0.009999999776482582,
          0.9999499917030334,
          -4.3709203367825467e-08
        ]
      ],
      "width": 0.059275705367326736,
      "height": 0.019999999552965164,
      "depth": 0.019999999552965164,
      "object_id": -1,
      "frame": "RealSense D455 aligned color camera frame",
      "rank": 29,
      "distance_to_object_center": 0.009330406961081065
    },
    {
      "score": 0.24173127114772797,
      "translation_camera": [
        -0.0018189141992479563,
        0.01775260455906391,
        0.4520000219345093
      ],
      "rotation_matrix_camera": [
        [
          0.8544597029685974,
          0.03706137463450432,
          -0.5181940793991089
        ],
        [
          -0.517707347869873,
          -0.022455113008618355,
          -0.8552629947662354
        ],
        [
          -0.04333333298563957,
          0.9990606307983398,
          -4.367032602203835e-08
        ]
      ],
      "width": 0.05730033665895462,
      "height": 0.019999999552965164,
      "depth": 0.019999999552965164,
      "object_id": -1,
      "frame": "RealSense D455 aligned color camera frame",
      "rank": 30,
      "distance_to_object_center": 0.021943662930805585
    },
    {
      "score": 0.24077542126178741,
      "translation_camera": [
        -0.007730588316917419,
        0.023776832967996597,
        0.45500001311302185
      ],
      "rotation_matrix_camera": [
        [
          0.8544597029685974,
          0.03706137463450432,
          -0.5181940793991089
        ],
        [
          -0.517707347869873,
          -0.022455113008618355,
          -0.8552629947662354
        ],
        [
          -0.04333333298563957,
          0.9990606307983398,
          -4.367032602203835e-08
        ]
      ],
      "width": 0.06186921149492264,
      "height": 0.019999999552965164,
      "depth": 0.019999999552965164,
      "object_id": -1,
      "frame": "RealSense D455 aligned color camera frame",
      "rank": 31,
      "distance_to_object_center": 0.02895803033520287
    },
    {
      "score": 0.2403898686170578,
      "translation_camera": [
        -0.006507476791739464,
        0.018926097080111504,
        0.4520000219345093
      ],
      "rotation_matrix_camera": [
        [
          0.8544597029685974,
          0.03706137463450432,
          -0.5181940793991089
        ],
        [
          -0.517707347869873,
          -0.022455113008618355,
          -0.8552629947662354
        ],
        [
          -0.04333333298563957,
          0.9990606307983398,
          -4.367032602203835e-08
        ]
      ],
      "width": 0.05920535698533058,
      "height": 0.019999999552965164,
      "depth": 0.019999999552965164,
      "object_id": -1,
      "frame": "RealSense D455 aligned color camera frame",
      "rank": 32,
      "distance_to_object_center": 0.02332211853681416
    },
    {
      "score": 0.23945492506027222,
      "translation_camera": [
        -0.005335336085408926,
        0.018926097080111504,
        0.4520000219345093
      ],
      "rotation_matrix_camera": [
        [
          0.8544597029685974,
          0.03706137463450432,
          -0.5181940793991089
        ],
        [
          -0.517707347869873,
          -0.022455113008618355,
          -0.8552629947662354
        ],
        [
          -0.04333333298563957,
          0.9990606307983398,
          -4.367032602203835e-08
        ]
      ],
      "width": 0.05706516280770302,
      "height": 0.019999999552965164,
      "depth": 0.019999999552965164,
      "object_id": -1,
      "frame": "RealSense D455 aligned color camera frame",
      "rank": 33,
      "distance_to_object_center": 0.02317136222502586
    },
    {
      "score": 0.2391757071018219,
      "translation_camera": [
        -0.0006482044700533152,
        0.017791882157325745,
        0.4530000388622284
      ],
      "rotation_matrix_camera": [
        [
          0.8544597029685974,
          0.03706137463450432,
          -0.5181940793991089
        ],
        [
          -0.517707347869873,
          -0.022455113008618355,
          -0.8552629947662354
        ],
        [
          -0.04333333298563957,
          0.9990606307983398,
          -4.367032602203835e-08
        ]
      ],
      "width": 0.05758972838521004,
      "height": 0.019999999552965164,
      "depth": 0.019999999552965164,
      "object_id": -1,
      "frame": "RealSense D455 aligned color camera frame",
      "rank": 34,
      "distance_to_object_center": 0.02236420063475318
    },
    {
      "score": 0.23898380994796753,
      "translation_camera": [
        -0.007696608081459999,
        0.020144056528806686,
        0.4530000388622284
      ],
      "rotation_matrix_camera": [
        [
          0.8544597029685974,
          0.03706137463450432,
          -0.5181940793991089
        ],
        [
          -0.517707347869873,
          -0.022455113008618355,
          -0.8552629947662354
        ],
        [
          -0.04333333298563957,
          0.9990606307983398,
          -4.367032602203835e-08
        ]
      ],
      "width": 0.06075132265686989,
      "height": 0.019999999552965164,
      "depth": 0.019999999552965164,
      "object_id": -1,
      "frame": "RealSense D455 aligned color camera frame",
      "rank": 35,
      "distance_to_object_center": 0.02495048270276279
    },
    {
      "score": 0.2384161353111267,
      "translation_camera": [
        -0.0029645853210240602,
        0.008290648460388184,
        0.4480000138282776
      ],
      "rotation_matrix_camera": [
        [
          0.9810783267021179,
          -0.00981128215789795,
          -0.19336247444152832
        ],
        [
          -0.1933528035879135,
          0.0019335818942636251,
          -0.9811273813247681
        ],
        [
          0.009999999776482582,
          0.9999499917030334,
          -4.3709203367825467e-08
        ]
      ],
      "width": 0.05948164314031601,
      "height": 0.019999999552965164,
      "depth": 0.019999999552965164,
      "object_id": -1,
      "frame": "RealSense D455 aligned color camera frame",
      "rank": 36,
      "distance_to_object_center": 0.01178711234683629
    },
    {
      "score": 0.2384081482887268,
      "translation_camera": [
        -0.0018189141992479563,
        0.01657911390066147,
        0.4520000219345093
      ],
      "rotation_matrix_camera": [
        [
          0.8544597029685974,
          0.03706137463450432,
          -0.5181940793991089
        ],
        [
          -0.517707347869873,
          -0.022455113008618355,
          -0.8552629947662354
        ],
        [
          -0.04333333298563957,
          0.9990606307983398,
          -4.367032602203835e-08
        ]
      ],
      "width": 0.0570400208234787,
      "height": 0.019999999552965164,
      "depth": 0.019999999552965164,
      "object_id": -1,
      "frame": "RealSense D455 aligned color camera frame",
      "rank": 37,
      "distance_to_object_center": 0.020819017588759224
    },
    {
      "score": 0.23778748512268066,
      "translation_camera": [
        -0.007713598199188709,
        0.022545892745256424,
        0.4540000259876251
      ],
      "rotation_matrix_camera": [
        [
          0.8544597029685974,
          0.03706137463450432,
          -0.5181940793991089
        ],
        [
          -0.517707347869873,
          -0.022455113008618355,
          -0.8552629947662354
        ],
        [
          -0.04333333298563957,
          0.9990606307983398,
          -4.367032602203835e-08
        ]
      ],
      "width": 0.0607619434595108,
      "height": 0.019999999552965164,
      "depth": 0.019999999552965164,
      "object_id": -1,
      "frame": "RealSense D455 aligned color camera frame",
      "rank": 38,
      "distance_to_object_center": 0.02749904528816633
    },
    {
      "score": 0.23743897676467896,
      "translation_camera": [
        -0.007730588316917419,
        0.024958113208413124,
        0.45500001311302185
      ],
      "rotation_matrix_camera": [
        [
          0.8544597029685974,
          0.03706137463450432,
          -0.5181940793991089
        ],
        [
          -0.517707347869873,
          -0.022455113008618355,
          -0.8552629947662354
        ],
        [
          -0.04333333298563957,
          0.9990606307983398,
          -4.367032602203835e-08
        ]
      ],
      "width": 0.06197727471590042,
      "height": 0.019999999552965164,
      "depth": 0.019999999552965164,
      "object_id": -1,
      "frame": "RealSense D455 aligned color camera frame",
      "rank": 39,
      "distance_to_object_center": 0.03006649059969822
    },
    {
      "score": 0.23673532903194427,
      "translation_camera": [
        -0.007679617498070002,
        0.018926097080111504,
        0.4520000219345093
      ],
      "rotation_matrix_camera": [
        [
          0.8544597029685974,
          0.03706137463450432,
          -0.5181940793991089
        ],
        [
          -0.517707347869873,
          -0.022455113008618355,
          -0.8552629947662354
        ],
        [
          -0.04333333298563957,
          0.9990606307983398,
          -4.367032602203835e-08
        ]
      ],
      "width": 0.05951100215315819,
      "height": 0.019999999552965164,
      "depth": 0.019999999552965164,
      "object_id": -1,
      "frame": "RealSense D455 aligned color camera frame",
      "rank": 40,
      "distance_to_object_center": 0.0235303681738714
    },
    {
      "score": 0.2345546931028366,
      "translation_camera": [
        -0.0053235325030982494,
        0.017713330686092377,
        0.45100003480911255
      ],
      "rotation_matrix_camera": [
        [
          0.8544597029685974,
          0.03706137463450432,
          -0.5181940793991089
        ],
        [
          -0.517707347869873,
          -0.022455113008618355,
          -0.8552629947662354
        ],
        [
          -0.04333333298563957,
          0.9990606307983398,
          -4.367032602203835e-08
        ]
      ],
      "width": 0.05615437403321266,
      "height": 0.019999999552965164,
      "depth": 0.019999999552965164,
      "object_id": -1,
      "frame": "RealSense D455 aligned color camera frame",
      "rank": 41,
      "distance_to_object_center": 0.021756709180211994
    },
    {
      "score": 0.2342621237039566,
      "translation_camera": [
        -0.0041539850644767284,
        0.016542434692382812,
        0.45100003480911255
      ],
      "rotation_matrix_camera": [
        [
          0.8544597029685974,
          0.03706137463450432,
          -0.5181940793991089
        ],
        [
          -0.517707347869873,
          -0.022455113008618355,
          -0.8552629947662354
        ],
        [
          -0.04333333298563957,
          0.9990606307983398,
          -4.367032602203835e-08
        ]
      ],
      "width": 0.05548791587352753,
      "height": 0.019999999552965164,
      "depth": 0.019999999552965164,
      "object_id": -1,
      "frame": "RealSense D455 aligned color camera frame",
      "rank": 42,
      "distance_to_object_center": 0.020523875392900598
    },
    {
      "score": 0.23297883570194244,
      "translation_camera": [
        -0.0006467735511250794,
        0.01657911390066147,
        0.4520000219345093
      ],
      "rotation_matrix_camera": [
        [
          0.8544597029685974,
          0.03706137463450432,
          -0.5181940793991089
        ],
        [
          -0.517707347869873,
          -0.022455113008618355,
          -0.8552629947662354
        ],
        [
          -0.04333333298563957,
          0.9990606307983398,
          -4.367032602203835e-08
        ]
      ],
      "width": 0.056791286915540695,
      "height": 0.019999999552965164,
      "depth": 0.019999999552965164,
      "object_id": -1,
      "frame": "RealSense D455 aligned color camera frame",
      "rank": 43,
      "distance_to_object_center": 0.020914435625923773
    },
    {
      "score": 0.23258048295974731,
      "translation_camera": [
        -0.0018028175691142678,
        0.007127542048692703,
        0.4480000138282776
      ],
      "rotation_matrix_camera": [
        [
          0.9810783267021179,
          -0.00981128215789795,
          -0.19336247444152832
        ],
        [
          -0.1933528035879135,
          0.0019335818942636251,
          -0.9811273813247681
        ],
        [
          0.009999999776482582,
          0.9999499917030334,
          -4.3709203367825467e-08
        ]
      ],
      "width": 0.0595073476433754,
      "height": 0.019999999552965164,
      "depth": 0.019999999552965164,
      "object_id": -1,
      "frame": "RealSense D455 aligned color camera frame",
      "rank": 44,
      "distance_to_object_center": 0.01070233685894178
    },
    {
      "score": 0.23229941725730896,
      "translation_camera": [
        -0.007696608081459999,
        0.021320145577192307,
        0.4530000388622284
      ],
      "rotation_matrix_camera": [
        [
          0.8544597029685974,
          0.03706137463450432,
          -0.5181940793991089
        ],
        [
          -0.517707347869873,
          -0.022455113008618355,
          -0.8552629947662354
        ],
        [
          -0.04333333298563957,
          0.9990606307983398,
          -4.367032602203835e-08
        ]
      ],
      "width": 0.06044996157288551,
      "height": 0.019999999552965164,
      "depth": 0.019999999552965164,
      "object_id": -1,
      "frame": "RealSense D455 aligned color camera frame",
      "rank": 45,
      "distance_to_object_center": 0.026059822746459845
    },
    {
      "score": 0.23099316656589508,
      "translation_camera": [
        -0.002991054905578494,
        0.01775260455906391,
        0.4520000219345093
      ],
      "rotation_matrix_camera": [
        [
          0.8544597029685974,
          0.03706137463450432,
          -0.5181940793991089
        ],
        [
          -0.517707347869873,
          -0.022455113008618355,
          -0.8552629947662354
        ],
        [
          -0.04333333298563957,
          0.9990606307983398,
          -4.367032602203835e-08
        ]
      ],
      "width": 0.05730677396059036,
      "height": 0.019999999552965164,
      "depth": 0.019999999552965164,
      "object_id": -1,
      "frame": "RealSense D455 aligned color camera frame",
      "rank": 46,
      "distance_to_object_center": 0.021915520665406623
    },
    {
      "score": 0.2278655469417572,
      "translation_camera": [
        -0.008890924975275993,
        0.022545892745256424,
        0.4540000259876251
      ],
      "rotation_matrix_camera": [
        [
          0.8544597029685974,
          0.03706137463450432,
          -0.5181940793991089
        ],
        [
          -0.517707347869873,
          -0.022455113008618355,
          -0.8552629947662354
        ],
        [
          -0.04333333298563957,
          0.9990606307983398,
          -4.367032602203835e-08
        ]
      ],
      "width": 0.062478575855493546,
      "height": 0.019999999552965164,
      "depth": 0.019999999552965164,
      "object_id": -1,
      "frame": "RealSense D455 aligned color camera frame",
      "rank": 47,
      "distance_to_object_center": 0.027728032353884872
    },
    {
      "score": 0.22701455652713776,
