{
  "success": true,
  "method": "graspnet_baseline_d455",
  "num_candidates": 226,
  "object_center_camera": [
    0.009500360348170039,
    -0.12068592597853865,
    0.48500004410743713
  ],
  "candidates": [
    {
      "score": 0.23422731459140778,
      "translation_camera": [
        -0.002148308791220188,
        -0.020612619817256927,
        0.534000039100647
      ],
      "rotation_matrix_camera": [
        [
          0.32332366704940796,
          0.7677836418151855,
          -0.5531455874443054
        ],
        [
          -0.38744980096817017,
          0.6407091617584229,
          0.6628532409667969
        ],
        [
          0.8633333444595337,
          0.0,
          0.5046340823173523
        ]
      ],
      "width": 0.05150551348924637,
      "height": 0.019999999552965164,
      "depth": 0.009999999776482582,
      "object_id": -1,
      "frame": "RealSense D455 aligned color camera frame",
      "rank": 0,
      "distance_to_object_center": 0.11203284164968413
    },
    {
      "score": 0.2241450548171997,
      "translation_camera": [
        0.002004916314035654,
        -0.020612619817256927,
        0.534000039100647
      ],
      "rotation_matrix_camera": [
        [
          0.32332366704940796,
          0.7677836418151855,
          -0.5531455874443054
        ],
        [
          -0.38744980096817017,
          0.6407091617584229,
          0.6628532409667969
        ],
        [
          0.8633333444595337,
          0.0,
          0.5046340823173523
        ]
      ],
      "width": 0.054544903337955475,
      "height": 0.019999999552965164,
      "depth": 0.009999999776482582,
      "object_id": -1,
      "frame": "RealSense D455 aligned color camera frame",
      "rank": 1,
      "distance_to_object_center": 0.11167742742673228
    },
    {
      "score": 0.21175546944141388,
      "translation_camera": [
        -0.0019230179022997618,
        -0.14127585291862488,
        0.4780000150203705
      ],
      "rotation_matrix_camera": [
        [
          -0.08158158510923386,
          0.996666669845581,
          -4.356568439334296e-08
        ],
        [
          0.0,
          4.371138828673793e-08,
          1.0
        ],
        [
          0.996666669845581,
          0.08158158510923386,
          -3.56604434870178e-09
        ]
      ],
      "width": 0.07071730494499207,
      "height": 0.019999999552965164,
      "depth": 0.009999999776482582,
      "object_id": -1,
      "frame": "RealSense D455 aligned color camera frame",
      "rank": 2,
      "distance_to_object_center": 0.02456499683026998
    },
    {
      "score": 0.20926830172538757,
      "translation_camera": [
        0.0006205079844221473,
        -0.02199862338602543,
        0.534000039100647
      ],
      "rotation_matrix_camera": [
        [
          0.32332366704940796,
          0.7677836418151855,
          -0.5531455874443054
        ],
        [
          -0.38744980096817017,
          0.6407091617584229,
          0.6628532409667969
        ],
        [
          0.8633333444595337,
          0.0,
          0.5046340823173523
        ]
      ],
      "width": 0.055338919162750244,
      "height": 0.019999999552965164,
      "depth": 0.009999999776482582,
      "object_id": -1,
      "frame": "RealSense D455 aligned color camera frame",
      "rank": 3,
      "distance_to_object_center": 0.11053974389477667
    },
    {
      "score": 0.2051956057548523,
      "translation_camera": [
        -0.003532717004418373,
        -0.02199862338602543,
        0.534000039100647
      ],
      "rotation_matrix_camera": [
        [
          0.32332366704940796,
          0.7677836418151855,
          -0.5531455874443054
        ],
        [
          -0.38744980096817017,
          0.6407091617584229,
          0.6628532409667969
        ],
        [
          0.8633333444595337,
          0.0,
          0.5046340823173523
        ]
      ],
      "width": 0.05431505665183067,
      "height": 0.019999999552965164,
      "depth": 0.009999999776482582,
      "object_id": -1,
      "frame": "RealSense D455 aligned color camera frame",
      "rank": 4,
      "distance_to_object_center": 0.1109506390589951
    },
    {
      "score": 0.20245346426963806,
      "translation_camera": [
        0.011683983728289604,
        -0.13231387734413147,
        0.47700002789497375
      ],
      "rotation_matrix_camera": [
        [
          0.32332366704940796,
          0.5984574556350708,
          -0.7330145835876465
        ],
        [
          -0.38744980096817017,
          0.7904365658760071,
          0.4744393229484558
        ],
        [
          0.8633333444595337,
          0.1306089162826538,
          0.4874390959739685
        ]
      ],
      "width": 0.08193207532167435,
      "height": 0.019999999552965164,
      "depth": 0.019999999552965164,
      "object_id": -1,
      "frame": "RealSense D455 aligned color camera frame",
      "rank": 5,
      "distance_to_object_center": 0.014282076999738992
    },
    {
      "score": 0.19967244565486908,
      "translation_camera": [
        0.011732973158359528,
        -0.15151742100715637,
        0.4790000319480896
      ],
      "rotation_matrix_camera": [
        [
          0.32332366704940796,
          0.7677836418151855,
          -0.5531455874443054
        ],
        [
          -0.38744980096817017,
          0.6407091617584229,
          0.6628532409667969
        ],
        [
          0.8633333444595337,
          0.0,
          0.5046340823173523
        ]
      ],
      "width": 0.08338743448257446,
      "height": 0.019999999552965164,
      "depth": 0.019999999552965164,
      "object_id": -1,
      "frame": "RealSense D455 aligned color camera frame",
      "rank": 6,
      "distance_to_object_center": 0.0314891376759069
    },
    {
      "score": 0.1992509663105011,
      "translation_camera": [
        -0.011950020678341389,
        -0.006815807893872261,
        0.5390000343322754
      ],
      "rotation_matrix_camera": [
        [
          0.14391817152500153,
          -0.43786168098449707,
          -0.8874484300613403
        ],
        [
          -0.2771056890487671,
          0.8430759906768799,
          -0.4609070420265198
        ],
        [
          0.949999988079071,
          0.31224989891052246,
          -1.3648876695526724e-08
        ]
      ],
      "width": 0.05984371528029442,
      "height": 0.019999999552965164,
      "depth": 0.009999999776482582,
      "object_id": -1,
      "frame": "RealSense D455 aligned color camera frame",
      "rank": 7,
      "distance_to_object_center": 0.1278378722565462
    },
    {
      "score": 0.19897551834583282,
      "translation_camera": [
        0.004317814949899912,
        -0.08007200062274933,
        0.4830000400543213
      ],
      "rotation_matrix_camera": [
        [
          -0.22638584673404694,
          0.8128176331520081,
          -0.5367280840873718
        ],
        [
          -0.14400814473628998,
          0.5170480608940125,
          0.843755304813385
        ],
        [
          0.9633333683013916,
          0.26830747723579407,
          -1.1728092275120616e-08
        ]
      ],
      "width": 0.06500313431024551,
      "height": 0.019999999552965164,
      "depth": 0.019999999552965164,
      "object_id": -1,
      "frame": "RealSense D455 aligned color camera frame",
      "rank": 8,
      "distance_to_object_center": 0.04099206906004182
    },
    {
      "score": 0.19840680062770844,
      "translation_camera": [
        0.0043982709757983685,
        -0.17223048210144043,
        0.4920000433921814
      ],
      "rotation_matrix_camera": [
        [
          0.32332366704940796,
          -0.5531456470489502,
          -0.7677836418151855
        ],
        [
          -0.38744980096817017,
          0.6628532409667969,
          -0.6407091617584229
        ],
        [
          0.8633333444595337,
          0.5046340823173523,
          -2.2058255666479454e-08
        ]
      ],
      "width": 0.07498952001333237,
      "height": 0.019999999552965164,
      "depth": 0.019999999552965164,
      "object_id": -1,
      "frame": "RealSense D455 aligned color camera frame",
      "rank": 9,
      "distance_to_object_center": 0.05226731839167817
    },
    {
      "score": 0.19779355823993683,
      "translation_camera": [
        0.0257110632956028,
        -0.0942506268620491,
        0.48500004410743713
      ],
      "rotation_matrix_camera": [
        [
          0.32332366704940796,
          -0.5531456470489502,
          -0.7677836418151855
        ],
        [
          -0.38744980096817017,
          0.6628532409667969,
          -0.6407091617584229
        ],
        [
          0.8633333444595337,
          0.5046340823173523,
          -2.2058255666479454e-08
        ]
      ],
      "width": 0.07262904196977615,
      "height": 0.019999999552965164,
      "depth": 0.019999999552965164,
      "object_id": -1,
      "frame": "RealSense D455 aligned color camera frame",
      "rank": 10,
      "distance_to_object_center": 0.031009868258800748
    },
    {
      "score": 0.19725742936134338,
      "translation_camera": [
        0.006808069068938494,
        -0.07990621775388718,
        0.4820000231266022
      ],
      "rotation_matrix_camera": [
        [
          -0.22638584673404694,
          0.8128176331520081,
          -0.5367280840873718
        ],
        [
          -0.14400814473628998,
          0.5170480608940125,
          0.843755304813385
        ],
        [
          0.9633333683013916,
          0.26830747723579407,
          -1.1728092275120616e-08
        ]
      ],
      "width": 0.06482497602701187,
      "height": 0.019999999552965164,
      "depth": 0.019999999552965164,
      "object_id": -1,
      "frame": "RealSense D455 aligned color camera frame",
      "rank": 11,
      "distance_to_object_center": 0.040978447519463
    },
    {
      "score": 0.19193337857723236,
      "translation_camera": [
        0.013272752985358238,
        -0.08504787087440491,
        0.49000003933906555
      ],
      "rotation_matrix_camera": [
        [
          0.32332366704940796,
          -0.5531456470489502,
          -0.7677836418151855
        ],
        [
          -0.38744980096817017,
          0.6628532409667969,
          -0.6407091617584229
        ],
        [
          0.8633333444595337,
          0.5046340823173523,
          -2.2058255666479454e-08
        ]
      ],
      "width": 0.06959248334169388,
      "height": 0.019999999552965164,
      "depth": 0.019999999552965164,
      "object_id": -1,
      "frame": "RealSense D455 aligned color camera frame",
      "rank": 12,
      "distance_to_object_center": 0.03618427655944902
    },
    {
      "score": 0.19029110670089722,
      "translation_camera": [
        0.004290996119379997,
        -0.07832881063222885,
        0.48000001907348633
      ],
      "rotation_matrix_camera": [
        [
          -0.22638584673404694,
          0.8128176331520081,
          -0.5367280840873718
        ],
        [
          -0.14400814473628998,
          0.5170480608940125,
          0.843755304813385
        ],
        [
          0.9633333683013916,
          0.26830747723579407,
          -1.1728092275120616e-08
        ]
      ],
      "width": 0.06710145622491837,
      "height": 0.019999999552965164,
      "depth": 0.029999999329447746,
      "object_id": -1,
      "frame": "RealSense D455 aligned color camera frame",
      "rank": 13,
      "distance_to_object_center": 0.042968162009433514
    },
    {
      "score": 0.18672548234462738,
      "translation_camera": [
        0.00928795337677002,
        -0.07974044233560562,
        0.48100003600120544
      ],
      "rotation_matrix_camera": [
        [
          -0.22638584673404694,
          0.8128176331520081,
          -0.5367280840873718
        ],
        [
          -0.14400814473628998,
          0.5170480608940125,
          0.843755304813385
        ],
        [
          0.9633333683013916,
          0.26830747723579407,
          -1.1728092275120616e-08
        ]
      ],
      "width": 0.06460442394018173,
      "height": 0.019999999552965164,
      "depth": 0.019999999552965164,
      "object_id": -1,
      "frame": "RealSense D455 aligned color camera frame",
      "rank": 14,
      "distance_to_object_center": 0.04114095055203653
    },
    {
      "score": 0.18652063608169556,
      "translation_camera": [
        -0.011950020678341389,
        -0.0026188634801656008,
        0.5390000343322754
      ],
      "rotation_matrix_camera": [
        [
          0.14391817152500153,
          -0.43786168098449707,
          -0.8874484300613403
        ],
        [
          -0.2771056890487671,
          0.8430759906768799,
          -0.4609070420265198
        ],
        [
          0.949999988079071,
          0.31224989891052246,
          -1.3648876695526724e-08
        ]
      ],
      "width": 0.06665517389774323,
      "height": 0.019999999552965164,
      "depth": 0.009999999776482582,
      "object_id": -1,
      "frame": "RealSense D455 aligned color camera frame",
      "rank": 15,
      "distance_to_object_center": 0.1315900795556408
    },
    {
      "score": 0.18439051508903503,
      "translation_camera": [
        -0.0007639004033990204,
        -0.02338462881743908,
        0.534000039100647
      ],
      "rotation_matrix_camera": [
        [
          0.32332366704940796,
          0.7677836418151855,
          -0.5531455874443054
        ],
        [
          -0.38744980096817017,
          0.6407091617584229,
          0.6628532409667969
        ],
        [
          0.8633333444595337,
          0.0,
          0.5046340823173523
        ]
      ],
      "width": 0.05762755870819092,
      "height": 0.019999999552965164,
      "depth": 0.009999999776482582,
      "object_id": -1,
      "frame": "RealSense D455 aligned color camera frame",
      "rank": 16,
      "distance_to_object_center": 0.10942530323167213
    },
    {
      "score": 0.18353623151779175,
      "translation_camera": [
        0.005650728940963745,
        -0.170258566737175,
        0.49000003933906555
      ],
      "rotation_matrix_camera": [
        [
          0.32332366704940796,
          -0.5531456470489502,
          -0.7677836418151855
        ],
        [
          -0.38744980096817017,
          0.6628532409667969,
          -0.6407091617584229
        ],
        [
          0.8633333444595337,
          0.5046340823173523,
          -2.2058255666479454e-08
        ]
      ],
      "width": 0.07582810521125793,
      "height": 0.019999999552965164,
      "depth": 0.019999999552965164,
      "object_id": -1,
      "frame": "RealSense D455 aligned color camera frame",
      "rank": 17,
      "distance_to_object_center": 0.049972655783663014
    },
    {
      "score": 0.18326564133167267,
      "translation_camera": [
        -0.013322629034519196,
        -0.00401039095595479,
        0.5380000472068787
      ],
      "rotation_matrix_camera": [
        [
          0.14391817152500153,
          -0.43786168098449707,
          -0.8874484300613403
        ],
        [
          -0.2771056890487671,
          0.8430759906768799,
          -0.4609070420265198
        ],
        [
          0.949999988079071,
          0.31224989891052246,
          -1.3648876695526724e-08
        ]
      ],
      "width": 0.06525455415248871,
      "height": 0.019999999552965164,
      "depth": 0.009999999776482582,
      "object_id": -1,
      "frame": "RealSense D455 aligned color camera frame",
      "rank": 18,
      "distance_to_object_center": 0.13016554707644168
    },
    {
      "score": 0.18313728272914886,
      "translation_camera": [
        0.006765695288777351,
        -0.07692237943410873,
        0.4790000319480896
      ],
      "rotation_matrix_camera": [
        [
          -0.22638584673404694,
          0.8128176331520081,
          -0.5367280840873718
        ],
        [
          -0.14400814473628998,
          0.5170480608940125,
          0.843755304813385
        ],
        [
          0.9633333683013916,
          0.26830747723579407,
          -1.1728092275120616e-08
        ]
      ],
      "width": 0.06393042951822281,
      "height": 0.019999999552965164,
      "depth": 0.019999999552965164,
      "object_id": -1,
      "frame": "RealSense D455 aligned color camera frame",
      "rank": 19,
      "distance_to_object_center": 0.04425750269780103
    },
    {
      "score": 0.18255871534347534,
      "translation_camera": [
        0.003110054647549987,
        -0.170258566737175,
        0.49000003933906555
      ],
      "rotation_matrix_camera": [
        [
          0.32332366704940796,
          -0.5531456470489502,
          -0.7677836418151855
        ],
        [
          -0.38744980096817017,
          0.6628532409667969,
          -0.6407091617584229
        ],
        [
          0.8633333444595337,
          0.5046340823173523,
          -2.2058255666479454e-08
        ]
      ],
      "width": 0.07503048330545425,
      "height": 0.019999999552965164,
      "depth": 0.019999999552965164,
      "object_id": -1,
      "frame": "RealSense D455 aligned color camera frame",
      "rank": 20,
      "distance_to_object_center": 0.050232287137343214
    },
    {
      "score": 0.18245987594127655,
      "translation_camera": [
        0.0033893247600644827,
        -0.02338462881743908,
        0.534000039100647
      ],
      "rotation_matrix_camera": [
        [
          0.32332366704940796,
          0.7677836418151855,
          -0.5531455874443054
        ],
        [
          -0.38744980096817017,
          0.6407091617584229,
          0.6628532409667969
        ],
        [
          0.8633333444595337,
          0.0,
          0.5046340823173523
        ]
      ],
      "width": 0.057948291301727295,
      "height": 0.019999999552965164,
      "depth": 0.009999999776482582,
      "object_id": -1,
      "frame": "RealSense D455 aligned color camera frame",
      "rank": 21,
      "distance_to_object_center": 0.10911409943048737
    },
    {
      "score": 0.1793656349182129,
      "translation_camera": [
        0.007940646260976791,
        -0.07504715025424957,
        0.4750000238418579
      ],
      "rotation_matrix_camera": [
        [
          -0.22638584673404694,
          0.8128176331520081,
          -0.5367280840873718
        ],
        [
          -0.14400814473628998,
          0.5170480608940125,
          0.843755304813385
        ],
        [
          0.9633333683013916,
          0.26830747723579407,
          -1.1728092275120616e-08
        ]
      ],
      "width": 0.06372443586587906,
      "height": 0.019999999552965164,
      "depth": 0.029999999329447746,
      "object_id": -1,
      "frame": "RealSense D455 aligned color camera frame",
      "rank": 22,
      "distance_to_object_center": 0.04674752360240853
    },
    {
      "score": 0.17678184807300568,
      "translation_camera": [
        -0.0019793405663222075,
        -0.1735074818134308,
        0.4920000433921814
      ],
      "rotation_matrix_camera": [
        [
          -0.22638584673404694,
          0.8712289333343506,
          0.43555670976638794
        ],
        [
          -0.14400814473628998,
          -0.4721894860267639,
          0.8696543574333191
        ],
        [
          0.9633333683013916,
          0.13415373861789703,
          0.2323610931634903
        ]
      ],
      "width": 0.061197247356176376,
      "height": 0.019999999552965164,
      "depth": 0.009999999776482582,
      "object_id": -1,
      "frame": "RealSense D455 aligned color camera frame",
      "rank": 23,
      "distance_to_object_center": 0.054505965580762275
    },
    {
      "score": 0.1758565902709961,
      "translation_camera": [
        0.005500811617821455,
        -0.14593254029750824,
        0.47700002789497375
      ],
      "rotation_matrix_camera": [
        [
          -0.34101662039756775,
          0.7053799033164978,
          0.6214070916175842
        ],
        [
          -0.33935707807540894,
          -0.708829402923584,
          0.6183830499649048
        ],
        [
          0.8766666650772095,
          0.0,
          0.4810982644557953
        ]
      ],
      "width": 0.08295275270938873,
      "height": 0.019999999552965164,
      "depth": 0.019999999552965164,
      "object_id": -1,
      "frame": "RealSense D455 aligned color camera frame",
      "rank": 24,
      "distance_to_object_center": 0.026784103196054745
    },
    {
      "score": 0.17420656979084015,
      "translation_camera": [
        0.004264177288860083,
        -0.1484086513519287,
        0.47700002789497375
      ],
      "rotation_matrix_camera": [
        [
          -0.34101662039756775,
          0.7053799033164978,
          0.6214070916175842
        ],
        [
          -0.33935707807540894,
          -0.708829402923584,
          0.6183830499649048
        ],
        [
          0.8766666650772095,
          0.0,
          0.4810982644557953
        ]
      ],
      "width": 0.08230997622013092,
      "height": 0.019999999552965164,
      "depth": 0.019999999552965164,
      "object_id": -1,
      "frame": "RealSense D455 aligned color camera frame",
      "rank": 25,
      "distance_to_object_center": 0.029325200332797154
    },
    {
      "score": 0.17392994463443756,
      "translation_camera": [
        0.002004916314035654,
        -0.02477063238620758,
        0.534000039100647
      ],
      "rotation_matrix_camera": [
        [
          0.32332366704940796,
          0.7677836418151855,
          -0.5531455874443054
        ],
        [
          -0.38744980096817017,
          0.6407091617584229,
          0.6628532409667969
        ],
        [
          0.8633333444595337,
          0.0,
          0.5046340823173523
        ]
      ],
      "width": 0.05799669399857521,
      "height": 0.019999999552965164,
      "depth": 0.009999999776482582,
      "object_id": -1,
      "frame": "RealSense D455 aligned color camera frame",
      "rank": 26,
      "distance_to_object_center": 0.10796723917701376
    },
    {
      "score": 0.1718727946281433,
      "translation_camera": [
        0.00924933422356844,
        -0.07692237943410873,
        0.4790000319480896
      ],
      "rotation_matrix_camera": [
        [
          -0.22638584673404694,
          0.8128176331520081,
          -0.5367280840873718
        ],
        [
          -0.14400814473628998,
          0.5170480608940125,
          0.843755304813385
        ],
        [
          0.9633333683013916,
          0.26830747723579407,
          -1.1728092275120616e-08
        ]
      ],
      "width": 0.06265071779489517,
      "height": 0.019999999552965164,
      "depth": 0.019999999552965164,
      "object_id": -1,
      "frame": "RealSense D455 aligned color camera frame",
      "rank": 27,
      "distance_to_object_center": 0.04417364787035404
    },
    {
      "score": 0.1718178689479828,
      "translation_camera": [
        -0.016142133623361588,
        -0.006815807893872261,
        0.5390000343322754
      ],
      "rotation_matrix_camera": [
        [
          0.14391817152500153,
          -0.43786168098449707,
          -0.8874484300613403
        ],
        [
          -0.2771056890487671,
          0.8430759906768799,
          -0.4609070420265198
        ],
        [
          0.949999988079071,
          0.31224989891052246,
          -1.3648876695526724e-08
        ]
      ],
      "width": 0.06064412370324135,
      "height": 0.019999999552965164,
      "depth": 0.009999999776482582,
      "object_id": -1,
      "frame": "RealSense D455 aligned color camera frame",
      "rank": 28,
      "distance_to_object_center": 0.12860769896852417
    },
    {
      "score": 0.1717628389596939,
      "translation_camera": [
        0.018354101106524467,
        -0.08504787087440491,
        0.49000003933906555
      ],
      "rotation_matrix_camera": [
        [
          0.32332366704940796,
          -0.5531456470489502,
          -0.7677836418151855
        ],
        [
          -0.38744980096817017,
          0.6628532409667969,
          -0.6407091617584229
        ],
        [
          0.8633333444595337,
          0.5046340823173523,
          -2.2058255666479454e-08
        ]
      ],
      "width": 0.06932944804430008,
      "height": 0.019999999552965164,
      "depth": 0.019999999552965164,
      "object_id": -1,
      "frame": "RealSense D455 aligned color camera frame",
      "rank": 29,
      "distance_to_object_center": 0.03706021653117702
    },
    {
      "score": 0.17135247588157654,
      "translation_camera": [
        0.01584569923579693,
        -0.08522143959999084,
        0.4910000264644623
      ],
      "rotation_matrix_camera": [
        [
          0.32332366704940796,
          -0.5531456470489502,
          -0.7677836418151855
        ],
        [
          -0.38744980096817017,
          0.6628532409667969,
          -0.6407091617584229
        ],
        [
          0.8633333444595337,
          0.5046340823173523,
          -2.2058255666479454e-08
        ]
      ],
      "width": 0.06833150237798691,
      "height": 0.019999999552965164,
      "depth": 0.019999999552965164,
      "object_id": -1,
      "frame": "RealSense D455 aligned color camera frame",
      "rank": 30,
      "distance_to_object_center": 0.03652386764812355
    },
    {
      "score": 0.16891682147979736,
      "translation_camera": [
        0.022255584597587585,
        -0.08411801606416702,
        0.4920000433921814
      ],
      "rotation_matrix_camera": [
        [
          0.32332366704940796,
          -0.5531456470489502,
          -0.7677836418151855
        ],
        [
          -0.38744980096817017,
          0.6628532409667969,
          -0.6407091617584229
        ],
        [
          0.8633333444595337,
          0.5046340823173523,
          -2.2058255666479454e-08
        ]
      ],
      "width": 0.06844934076070786,
      "height": 0.019999999552965164,
      "depth": 0.019999999552965164,
      "object_id": -1,
      "frame": "RealSense D455 aligned color camera frame",
      "rank": 31,
      "distance_to_object_center": 0.03935616560521297
    },
    {
      "score": 0.16881732642650604,
      "translation_camera": [
        0.010513056069612503,
        -0.07832881063222885,
        0.48000001907348633
      ],
      "rotation_matrix_camera": [
        [
          -0.22638584673404694,
          0.8128176331520081,
          -0.5367280840873718
        ],
        [
          -0.14400814473628998,
          0.5170480608940125,
          0.843755304813385
        ],
        [
          0.9633333683013916,
          0.26830747723579407,
          -1.1728092275120616e-08
        ]
      ],
      "width": 0.06274516135454178,
      "height": 0.019999999552965164,
      "depth": 0.019999999552965164,
      "object_id": -1,
      "frame": "RealSense D455 aligned color camera frame",
      "rank": 32,
      "distance_to_object_center": 0.042663228000527055
    },
    {
      "score": 0.1683497428894043,
      "translation_camera": [
        -0.014744763262569904,
        -0.005416826345026493,
        0.5390000343322754
      ],
      "rotation_matrix_camera": [
        [
          0.14391817152500153,
          -0.43786168098449707,
          -0.8874484300613403
        ],
        [
          -0.2771056890487671,
          0.8430759906768799,
          -0.4609070420265198
        ],
        [
          0.949999988079071,
          0.31224989891052246,
          -1.3648876695526724e-08
        ]
      ],
      "width": 0.062407366931438446,
      "height": 0.019999999552965164,
      "depth": 0.009999999776482582,
      "object_id": -1,
      "frame": "RealSense D455 aligned color camera frame",
      "rank": 33,
      "distance_to_object_center": 0.12957928188373033
    },
    {
      "score": 0.16803282499313354,
      "translation_camera": [
        0.008024231530725956,
        -0.07832881063222885,
        0.48000001907348633
      ],
      "rotation_matrix_camera": [
        [
          -0.22638584673404694,
          0.8128176331520081,
          -0.5367280840873718
        ],
        [
          -0.14400814473628998,
          0.5170480608940125,
          0.843755304813385
        ],
        [
          0.9633333683013916,
          0.26830747723579407,
          -1.1728092275120616e-08
        ]
      ],
      "width": 0.06253209710121155,
      "height": 0.019999999552965164,
      "depth": 0.019999999552965164,
      "object_id": -1,
      "frame": "RealSense D455 aligned color camera frame",
      "rank": 34,
      "distance_to_object_center": 0.0426767433983243
    },
    {
      "score": 0.16504786908626556,
      "translation_camera": [
        -0.01890174299478531,
        -0.006803162861615419,
        0.5380000472068787
      ],
      "rotation_matrix_camera": [
        [
          0.14391817152500153,
          -0.43786168098449707,
          -0.8874484300613403
        ],
        [
          -0.2771056890487671,
          0.8430759906768799,
          -0.4609070420265198
        ],
        [
          0.949999988079071,
          0.31224989891052246,
          -1.3648876695526724e-08
        ]
      ],
      "width": 0.0625288113951683,
      "height": 0.019999999552965164,
      "depth": 0.009999999776482582,
      "object_id": -1,
      "frame": "RealSense D455 aligned color camera frame",
      "rank": 35,
      "distance_to_object_center": 0.12878262125764475
    },
    {
      "score": 0.159845232963562,
      "translation_camera": [
        -0.002148308791220188,
        -0.02477063238620758,
        0.534000039100647
      ],
      "rotation_matrix_camera": [
        [
          0.32332366704940796,
          0.7677836418151855,
          -0.5531455874443054
        ],
        [
          -0.38744980096817017,
          0.6407091617584229,
          0.6628532409667969
        ],
        [
          0.8633333444595337,
          0.0,
          0.5046340823173523
        ]
      ],
      "width": 0.059242382645606995,
      "height": 0.019999999552965164,
      "depth": 0.009999999776482582,
      "object_id": -1,
      "frame": "RealSense D455 aligned color camera frame",
      "rank": 36,
      "distance_to_object_center": 0.10833482610387409
    },
    {
      "score": 0.15980282425880432,
      "translation_camera": [
        -0.0007639004033990204,
        -0.026156635954976082,
        0.534000039100647
      ],
      "rotation_matrix_camera": [
        [
          0.32332366704940796,
          0.7677836418151855,
          -0.5531455874443054
        ],
        [
          -0.38744980096817017,
          0.6407091617584229,
          0.6628532409667969
        ],
        [
          0.8633333444595337,
          0.0,
          0.5046340823173523
        ]
      ],
      "width": 0.05980046093463898,
      "height": 0.019999999552965164,
      "depth": 0.009999999776482582,
      "object_id": -1,
      "frame": "RealSense D455 aligned color camera frame",
      "rank": 37,
      "distance_to_object_center": 0.10696794487354423
    },
    {
      "score": 0.15936943888664246,
      "translation_camera": [
        0.010907295159995556,
        -0.18467137217521667,
        0.49800002574920654
      ],
      "rotation_matrix_camera": [
        [
          0.05689249932765961,
          0.9917080998420715,
          -0.11523126810789108
        ],
        [
          -0.43903547525405884,
          0.12851069867610931,
          0.8892316222190857
        ],
        [
          0.8966667056083679,
          0.0,
          0.44270631670951843
        ]
      ],
      "width": 0.06562057137489319,
      "height": 0.019999999552965164,
      "depth": 0.009999999776482582,
      "object_id": -1,
      "frame": "RealSense D455 aligned color camera frame",
      "rank": 38,
      "distance_to_object_center": 0.06530785797466523
    },
    {
      "score": 0.15840964019298553,
      "translation_camera": [
        0.02098006196320057,
        -0.08539500832557678,
        0.4920000433921814
      ],
      "rotation_matrix_camera": [
        [
          0.32332366704940796,
          -0.5531456470489502,
          -0.7677836418151855
        ],
        [
          -0.38744980096817017,
          0.6628532409667969,
          -0.6407091617584229
        ],
        [
          0.8633333444595337,
          0.5046340823173523,
          -2.2058255666479454e-08
        ]
      ],
      "width": 0.0678146481513977,
      "height": 0.019999999552965164,
      "depth": 0.019999999552965164,
      "object_id": -1,
      "frame": "RealSense D455 aligned color camera frame",
      "rank": 39,
      "distance_to_object_center": 0.03776549229051159
    },
    {
      "score": 0.15755616128444672,
      "translation_camera": [
        0.006949315778911114,
        -0.17223048210144043,
        0.4920000433921814
      ],
      "rotation_matrix_camera": [
        [
          0.32332366704940796,
          -0.5531456470489502,
          -0.7677836418151855
        ],
        [
          -0.38744980096817017,
          0.6628532409667969,
          -0.6407091617584229
        ],
        [
          0.8633333444595337,
          0.5046340823173523,
          -2.2058255666479454e-08
        ]
      ],
      "width": 0.07322370260953903,
      "height": 0.019999999552965164,
      "depth": 0.019999999552965164,
      "object_id": -1,
      "frame": "RealSense D455 aligned color camera frame",
      "rank": 40,
      "distance_to_object_center": 0.05208021778264504
    },
    {
      "score": 0.15609796345233917,
      "translation_camera": [
        0.001832208246923983,
        -0.16829702258110046,
        0.4880000352859497
      ],
      "rotation_matrix_camera": [
        [
          -0.34101662039756775,
          0.6214070320129395,
          -0.7053799033164978
        ],
        [
          -0.33935707807540894,
          0.6183831095695496,
          0.708829402923584
        ],
        [
          0.8766666650772095,
          0.4810982644557953,
          -2.102947327387028e-08
        ]
      ],
      "width": 0.06612435728311539,
      "height": 0.019999999552965164,
      "depth": 0.019999999552965164,
      "object_id": -1,
      "frame": "RealSense D455 aligned color camera frame",
      "rank": 41,
      "distance_to_object_center": 0.0483178747816734
    },
    {
      "score": 0.15525764226913452,
      "translation_camera": [
        0.005627664737403393,
        -0.16829702258110046,
        0.4880000352859497
      ],
      "rotation_matrix_camera": [
        [
          0.32332366704940796,
          -0.5531456470489502,
          -0.7677836418151855
        ],
        [
          -0.38744980096817017,
          0.6628532409667969,
          -0.6407091617584229
        ],
        [
          0.8633333444595337,
          0.5046340823173523,
          -2.2058255666479454e-08
        ]
      ],
      "width": 0.07351291179656982,
      "height": 0.019999999552965164,
      "depth": 0.019999999552965164,
      "object_id": -1,
      "frame": "RealSense D455 aligned color camera frame",
      "rank": 42,
      "distance_to_object_center": 0.04786245123333402
    },
    {
      "score": 0.15425699949264526,
      "translation_camera": [
        -0.013404330238699913,
        -0.09395048022270203,
        0.49000003933906555
      ],
      "rotation_matrix_camera": [
        [
          -0.34101662039756775,
          0.6214070320129395,
          -0.7053799033164978
        ],
        [
          -0.33935707807540894,
          0.6183831095695496,
          0.708829402923584
        ],
        [
          0.8766666650772095,
          0.4810982644557953,
          -2.102947327387028e-08
        ]
      ],
      "width": 0.07426266372203827,
      "height": 0.019999999552965164,
      "depth": 0.019999999552965164,
      "object_id": -1,
      "frame": "RealSense D455 aligned color camera frame",
      "rank": 43,
      "distance_to_object_center": 0.035558527288961764
    },
    {
      "score": 0.1541922390460968,
      "translation_camera": [
        0.009616218507289886,
        -0.18337881565093994,
        0.49800002574920654
      ],
      "rotation_matrix_camera": [
        [
          0.05689249932765961,
          -0.11523131281137466,
          -0.9917080998420715
        ],
        [
          -0.43903547525405884,
          0.8892316222190857,
          -0.1285107433795929
        ],
        [
          0.8966667056083679,
          0.44270631670951843,
          -1.9351308111481558e-08
        ]
      ],
      "width": 0.061051834374666214,
      "height": 0.019999999552965164,
      "depth": 0.009999999776482582,
      "object_id": -1,
      "frame": "RealSense D455 aligned color camera frame",
      "rank": 44,
      "distance_to_object_center": 0.06402664571313459
    },
    {
      "score": 0.15413394570350647,
      "translation_camera": [
        0.012173878960311413,
        -0.18559052050113678,
        0.4970000386238098
      ],
      "rotation_matrix_camera": [
        [
          0.05689249932765961,
          0.9917080998420715,
          -0.11523126810789108
        ],
        [
          -0.43903547525405884,
          0.12851069867610931,
          0.8892316222190857
        ],
        [
          0.8966667056083679,
          0.0,
          0.44270631670951843
        ]
      ],
      "width": 0.06527024507522583,
      "height": 0.019999999552965164,
      "depth": 0.009999999776482582,
      "object_id": -1,
      "frame": "RealSense D455 aligned color camera frame",
      "rank": 45,
      "distance_to_object_center": 0.0660587160055758
    },
    {
      "score": 0.14979155361652374,
      "translation_camera": [
        0.01846647448837757,
        -0.0881277471780777,
        0.4930000305175781
      ],
      "rotation_matrix_camera": [
        [
          0.32332366704940796,
          -0.5531456470489502,
          -0.7677836418151855
        ],
        [
          -0.38744980096817017,
          0.6628532409667969,
          -0.6407091617584229
        ],
        [
          0.8633333444595337,
          0.5046340823173523,
          -2.2058255666479454e-08
        ]
      ],
      "width": 0.06659535318613052,
      "height": 0.019999999552965164,
      "depth": 0.019999999552965164,
      "object_id": -1,
      "frame": "RealSense D455 aligned color camera frame",
      "rank": 46,
      "distance_to_object_center": 0.03470484104761835
    },
    {
      "score": 0.14904659986495972,
      "translation_camera": [
        0.01846647448837757,
        -0.17513972520828247,
        0.4930000305175781
      ],
      "rotation_matrix_camera": [
        [
          -0.9794528484344482,
          -0.049033984541893005,
          -0.19562169909477234
        ],
        [
          -0.19537703692913055,
          -0.00978104304522276,
          0.980679452419281
        ],
        [
          -0.05000000447034836,
          0.9987492561340332,
          -4.365671557593487e-08
        ]
      ],
      "width": 0.04173287749290466,
      "height": 0.019999999552965164,
      "depth": 0.019999999552965164,
      "object_id": -1,
      "frame": "RealSense D455 aligned color camera frame",
      "rank": 47,
      "distance_to_object_center": 0.055763852412570265
    },
    {
      "score": 0.14862538874149323,
      "translation_camera": [
        -0.016112186014652252,
        -0.002614004770293832,
        0.5380000472068787
      ],
      "rotation_matrix_camera": [
        [
          0.14391817152500153,
          -0.43786168098449707,
          -0.8874484300613403
        ],
        [
          -0.2771056890487671,
          0.8430759906768799,
          -0.4609070420265198
        ],
        [
          0.949999988079071,
          0.31224989891052246,
          -1.3648876695526724e-08
