{
  "success": true,
  "method": "graspnet_baseline_d455",
  "num_candidates": 177,
  "object_center_camera": [
    0.03945359430445898,
    -0.11156148888430172,
    0.47700002789497375
  ],
  "candidates": [
    {
      "score": 0.41210025548934937,
      "translation_camera": [
        0.05549586936831474,
        -0.15020933747291565,
        0.4710000157356262
      ],
      "rotation_matrix_camera": [
        [
          0.05689249932765961,
          0.9917080998420715,
          -0.11523126810789108
        ],
        [
          -0.43903547525405884,
          0.12851069867610931,
          0.8892316222190857
        ],
        [
          0.8966667056083679,
          0.0,
          0.44270631670951843
        ]
      ],
      "width": 0.08472554385662079,
      "height": 0.019999999552965164,
      "depth": 0.029999999329447746,
      "object_id": -1,
      "frame": "RealSense D455 aligned color camera frame",
      "rank": 0,
      "distance_to_object_center": 0.042273052121477514
    },
    {
      "score": 0.29007723927497864,
      "translation_camera": [
        0.03840075805783272,
        -0.15387679636478424,
        0.4710000157356262
      ],
      "rotation_matrix_camera": [
        [
          0.05689249932765961,
          0.9917080998420715,
          -0.11523126810789108
        ],
        [
          -0.43903547525405884,
          0.12851069867610931,
          0.8892316222190857
        ],
        [
          0.8966667056083679,
          0.0,
          0.44270631670951843
        ]
      ],
      "width": 0.07633380591869354,
      "height": 0.019999999552965164,
      "depth": 0.029999999329447746,
      "object_id": -1,
      "frame": "RealSense D455 aligned color camera frame",
      "rank": 1,
      "distance_to_object_center": 0.0427515363144099
    },
    {
      "score": 0.28450313210487366,
      "translation_camera": [
        0.033598147332668304,
        -0.16262775659561157,
        0.49000003933906555
      ],
      "rotation_matrix_camera": [
        [
          0.32332366704940796,
          -0.5531456470489502,
          -0.7677836418151855
        ],
        [
          -0.38744980096817017,
          0.6628532409667969,
          -0.6407091617584229
        ],
        [
          0.8633333444595337,
          0.5046340823173523,
          -2.2058255666479454e-08
        ]
      ],
      "width": 0.07351014018058777,
      "height": 0.019999999552965164,
      "depth": 0.019999999552965164,
      "object_id": -1,
      "frame": "RealSense D455 aligned color camera frame",
      "rank": 2,
      "distance_to_object_center": 0.05301933849784565
    },
    {
      "score": 0.27955132722854614,
      "translation_camera": [
        0.031074283644557,
        -0.13064955174922943,
        0.4710000157356262
      ],
      "rotation_matrix_camera": [
        [
          0.05689249932765961,
          -0.9877405166625977,
          -0.14536793529987335
        ],
        [
          -0.43903547525405884,
          0.10601813346147537,
          -0.8921928405761719
        ],
        [
          0.8966667056083679,
          0.11458075791597366,
          -0.4276214838027954
        ]
      ],
      "width": 0.08109542727470398,
      "height": 0.019999999552965164,
      "depth": 0.029999999329447746,
      "object_id": -1,
      "frame": "RealSense D455 aligned color camera frame",
      "rank": 3,
      "distance_to_object_center": 0.021692559484369236
    },
    {
      "score": 0.2786305248737335,
      "translation_camera": [
        0.036187637597322464,
        -0.15485690534114838,
        0.4740000367164612
      ],
      "rotation_matrix_camera": [
        [
          0.05689249932765961,
          -0.9877405166625977,
          -0.14536793529987335
        ],
        [
          -0.43903547525405884,
          0.10601813346147537,
          -0.8921928405761719
        ],
        [
          0.8966667056083679,
          0.11458075791597366,
          -0.4276214838027954
        ]
      ],
      "width": 0.07757080346345901,
      "height": 0.019999999552965164,
      "depth": 0.029999999329447746,
      "object_id": -1,
      "frame": "RealSense D455 aligned color camera frame",
      "rank": 4,
      "distance_to_object_center": 0.04352194281573184
    },
    {
      "score": 0.255847692489624,
      "translation_camera": [
        0.03344528377056122,
        -0.1315920650959015,
        0.4700000286102295
      ],
      "rotation_matrix_camera": [
        [
          0.05689249932765961,
          -0.9877405166625977,
          -0.14536793529987335
        ],
        [
          -0.43903547525405884,
          0.10601813346147537,
          -0.8921928405761719
        ],
        [
          0.8966667056083679,
          0.11458075791597366,
          -0.4276214838027954
        ]
      ],
      "width": 0.0783032476902008,
      "height": 0.019999999552965164,
      "depth": 0.029999999329447746,
      "object_id": -1,
      "frame": "RealSense D455 aligned color camera frame",
      "rank": 5,
      "distance_to_object_center": 0.02205274968857339
    },
    {
      "score": 0.2544291913509369,
      "translation_camera": [
        0.038563817739486694,
        -0.155757874250412,
        0.47300001978874207
      ],
      "rotation_matrix_camera": [
        [
          0.05689249932765961,
          -0.9877405166625977,
          -0.14536793529987335
        ],
        [
          -0.43903547525405884,
          0.10601813346147537,
          -0.8921928405761719
        ],
        [
          0.8966667056083679,
          0.11458075791597366,
          -0.4276214838027954
        ]
      ],
      "width": 0.07715727388858795,
      "height": 0.019999999552965164,
      "depth": 0.029999999329447746,
      "object_id": -1,
      "frame": "RealSense D455 aligned color camera frame",
      "rank": 6,
      "distance_to_object_center": 0.044385946499035246
    },
    {
      "score": 0.24926716089248657,
      "translation_camera": [
        0.028814496472477913,
        -0.14870554208755493,
        0.4740000367164612
      ],
      "rotation_matrix_camera": [
        [
          0.05689249932765961,
          0.9917080998420715,
          -0.11523126810789108
        ],
        [
          -0.43903547525405884,
          0.12851069867610931,
          0.8892316222190857
        ],
        [
          0.8966667056083679,
          0.0,
          0.44270631670951843
        ]
      ],
      "width": 0.08026133477687836,
      "height": 0.019999999552965164,
      "depth": 0.029999999329447746,
      "object_id": -1,
      "frame": "RealSense D455 aligned color camera frame",
      "rank": 7,
      "distance_to_object_center": 0.03875398093248903
    },
    {
      "score": 0.23608194291591644,
      "translation_camera": [
        0.04939047247171402,
        -0.13553950190544128,
        0.4710000157356262
      ],
      "rotation_matrix_camera": [
        [
          -0.9794528484344482,
          -0.049033984541893005,
          -0.19562169909477234
        ],
        [
          -0.19537703692913055,
          -0.00978104304522276,
          0.980679452419281
        ],
        [
          -0.05000000447034836,
          0.9987492561340332,
          -4.365671557593487e-08
        ]
      ],
      "width": 0.07516834139823914,
      "height": 0.019999999552965164,
      "depth": 0.029999999329447746,
      "object_id": -1,
      "frame": "RealSense D455 aligned color camera frame",
      "rank": 8,
      "distance_to_object_center": 0.026639947486155578
    },
    {
      "score": 0.22172264754772186,
      "translation_camera": [
        0.03358760103583336,
        -0.15175333619117737,
        0.47200003266334534
      ],
      "rotation_matrix_camera": [
        [
          0.05689249932765961,
          -0.9877405166625977,
          -0.14536793529987335
        ],
        [
          -0.43903547525405884,
          0.10601813346147537,
          -0.8921928405761719
        ],
        [
          0.8966667056083679,
          0.11458075791597366,
          -0.4276214838027954
        ]
      ],
      "width": 0.07075126469135284,
      "height": 0.019999999552965164,
      "depth": 0.029999999329447746,
      "object_id": -1,
      "frame": "RealSense D455 aligned color camera frame",
      "rank": 9,
      "distance_to_object_center": 0.04092425221409764
    },
    {
      "score": 0.22049696743488312,
      "translation_camera": [
        0.04215330630540848,
        -0.15542858839035034,
        0.47200003266334534
      ],
      "rotation_matrix_camera": [
        [
          0.05689249932765961,
          -0.9877405166625977,
          -0.14536793529987335
        ],
        [
          -0.43903547525405884,
          0.10601813346147537,
          -0.8921928405761719
        ],
        [
          0.8966667056083679,
          0.11458075791597366,
          -0.4276214838027954
        ]
      ],
      "width": 0.07691459357738495,
      "height": 0.019999999552965164,
      "depth": 0.029999999329447746,
      "object_id": -1,
      "frame": "RealSense D455 aligned color camera frame",
      "rank": 10,
      "distance_to_object_center": 0.044233593752689246
    },
    {
      "score": 0.21746447682380676,
      "translation_camera": [
        0.05183263123035431,
        -0.13676199316978455,
        0.4710000157356262
      ],
      "rotation_matrix_camera": [
        [
          -0.9794528484344482,
          -0.049033984541893005,
          -0.19562169909477234
        ],
        [
          -0.19537703692913055,
          -0.00978104304522276,
          0.980679452419281
        ],
        [
          -0.05000000447034836,
          0.9987492561340332,
          -4.365671557593487e-08
        ]
      ],
      "width": 0.06989389657974243,
      "height": 0.019999999552965164,
      "depth": 0.029999999329447746,
      "object_id": -1,
      "frame": "RealSense D455 aligned color camera frame",
      "rank": 11,
      "distance_to_object_center": 0.028710731745597098
    },
    {
      "score": 0.21641796827316284,
      "translation_camera": [
        0.054505255073308945,
        -0.1324320137500763,
        0.47300001978874207
      ],
      "rotation_matrix_camera": [
        [
          -0.9794528484344482,
          -0.049033984541893005,
          -0.19562169909477234
        ],
        [
          -0.19537703692913055,
          -0.00978104304522276,
          0.980679452419281
        ],
        [
          -0.05000000447034836,
          0.9987492561340332,
          -4.365671557593487e-08
        ]
      ],
      "width": 0.0700380876660347,
      "height": 0.019999999552965164,
      "depth": 0.029999999329447746,
      "object_id": -1,
      "frame": "RealSense D455 aligned color camera frame",
      "rank": 12,
      "distance_to_object_center": 0.02604095553015233
    },
    {
      "score": 0.20982015132904053,
      "translation_camera": [
        0.047446705400943756,
        -0.16045217216014862,
        0.476000040769577
      ],
      "rotation_matrix_camera": [
        [
          0.05689249932765961,
          -0.11523131281137466,
          -0.9917080998420715
        ],
        [
          -0.43903547525405884,
          0.8892316222190857,
          -0.1285107433795929
        ],
        [
          0.8966667056083679,
          0.44270631670951843,
          -1.9351308111481558e-08
        ]
      ],
      "width": 0.07182248681783676,
      "height": 0.019999999552965164,
      "depth": 0.029999999329447746,
      "object_id": -1,
      "frame": "RealSense D455 aligned color camera frame",
      "rank": 13,
      "distance_to_object_center": 0.049549860851781244
    },
    {
      "score": 0.2096066176891327,
      "translation_camera": [
        0.054159555584192276,
        -0.12427271157503128,
        0.4700000286102295
      ],
      "rotation_matrix_camera": [
        [
          0.32332366704940796,
          0.5984574556350708,
          -0.7330145835876465
        ],
        [
          -0.38744980096817017,
          0.7904365658760071,
          0.4744393229484558
        ],
        [
          0.8633333444595337,
          0.1306089162826538,
          0.4874390959739685
        ]
      ],
      "width": 0.08046858757734299,
      "height": 0.019999999552965164,
      "depth": 0.019999999552965164,
      "object_id": -1,
      "frame": "RealSense D455 aligned color camera frame",
      "rank": 14,
      "distance_to_object_center": 0.02066011784672956
    },
    {
      "score": 0.19653470814228058,
      "translation_camera": [
        0.011879942379891872,
        0.034149397164583206,
        0.48500004410743713
      ],
      "rotation_matrix_camera": [
        [
          0.4980229139328003,
          -0.6140506863594055,
          -0.6123030185699463
        ],
        [
          -0.3856969475746155,
          0.47555533051490784,
          -0.790623128414154
        ],
        [
          0.7766667008399963,
          0.6299118399620056,
          -2.7534321489497415e-08
        ]
      ],
      "width": 0.07405459880828857,
      "height": 0.019999999552965164,
      "depth": 0.029999999329447746,
      "object_id": -1,
      "frame": "RealSense D455 aligned color camera frame",
      "rank": 15,
      "distance_to_object_center": 0.14851252086274744
    },
    {
      "score": 0.18136195838451385,
      "translation_camera": [
        0.031074283644557,
        -0.12575960159301758,
        0.4710000157356262
      ],
      "rotation_matrix_camera": [
        [
          0.32332366704940796,
          -0.5531456470489502,
          -0.7677836418151855
        ],
        [
          -0.38744980096817017,
          0.6628532409667969,
          -0.6407091617584229
        ],
        [
          0.8633333444595337,
          0.5046340823173523,
          -2.2058255666479454e-08
        ]
      ],
      "width": 0.07832244783639908,
      "height": 0.019999999552965164,
      "depth": 0.029999999329447746,
      "object_id": -1,
      "frame": "RealSense D455 aligned color camera frame",
      "rank": 16,
      "distance_to_object_center": 0.01754421265081064
    },
    {
      "score": 0.17976808547973633,
      "translation_camera": [
        0.05715561658143997,
        -0.1787802278995514,
        0.4960000216960907
      ],
      "rotation_matrix_camera": [
        [
          0.05689249932765961,
          0.9917080998420715,
          -0.11523126810789108
        ],
        [
          -0.43903547525405884,
          0.12851069867610931,
          0.8892316222190857
        ],
        [
          0.8966667056083679,
          0.0,
          0.44270631670951843
        ]
      ],
      "width": 0.08406437933444977,
      "height": 0.019999999552965164,
      "depth": 0.009999999776482582,
      "object_id": -1,
      "frame": "RealSense D455 aligned color camera frame",
      "rank": 17,
      "distance_to_object_center": 0.07206053172116803
    },
    {
      "score": 0.17726510763168335,
      "translation_camera": [
        0.01999928615987301,
        -0.07044730335474014,
        0.46900004148483276
      ],
      "rotation_matrix_camera": [
        [
          -0.1557886302471161,
          0.39417675137519836,
          -0.9057342410087585
        ],
        [
          -0.33291125297546387,
          0.8423328399658203,
          0.42384597659111023
        ],
        [
          0.9300000071525574,
          0.3675594925880432,
          -1.6066536545622512e-08
        ]
      ],
      "width": 0.07724417746067047,
      "height": 0.019999999552965164,
      "depth": 0.03999999910593033,
      "object_id": -1,
      "frame": "RealSense D455 aligned color camera frame",
      "rank": 18,
      "distance_to_object_center": 0.046182747208304474
    },
    {
      "score": 0.17656981945037842,
      "translation_camera": [
        0.046585001051425934,
        -0.03310547024011612,
        0.4930000305175781
      ],
      "rotation_matrix_camera": [
        [
          0.4980229139328003,
          -0.6140506863594055,
          -0.6123030185699463
        ],
        [
          -0.3856969475746155,
          0.47555533051490784,
          -0.790623128414154
        ],
        [
          0.7766667008399963,
          0.6299118399620056,
          -2.7534321489497415e-08
        ]
      ],
      "width": 0.07898660004138947,
      "height": 0.019999999552965164,
      "depth": 0.029999999329447746,
      "object_id": -1,
      "frame": "RealSense D455 aligned color camera frame",
      "rank": 19,
      "distance_to_object_center": 0.08038783432591545
    },
    {
      "score": 0.17257127165794373,
      "translation_camera": [
        0.018863489851355553,
        -0.06952522695064545,
        0.4710000157356262
      ],
      "rotation_matrix_camera": [
        [
          -0.1557886302471161,
          0.39417675137519836,
          -0.9057342410087585
        ],
        [
          -0.33291125297546387,
          0.8423328399658203,
          0.42384597659111023
        ],
        [
          0.9300000071525574,
          0.3675594925880432,
          -1.6066536545622512e-08
        ]
      ],
      "width": 0.07678034901618958,
      "height": 0.019999999552965164,
      "depth": 0.03999999910593033,
      "object_id": -1,
      "frame": "RealSense D455 aligned color camera frame",
      "rank": 20,
      "distance_to_object_center": 0.04719109942199892
    },
    {
      "score": 0.16908970475196838,
      "translation_camera": [
        0.015393886715173721,
        -0.07412508130073547,
        0.47700002789497375
      ],
      "rotation_matrix_camera": [
        [
          -0.1557886302471161,
          0.39417675137519836,
          -0.9057342410087585
        ],
        [
          -0.33291125297546387,
          0.8423328399658203,
          0.42384597659111023
        ],
        [
          0.9300000071525574,
          0.3675594925880432,
          -1.6066536545622512e-08
        ]
      ],
      "width": 0.08015020191669464,
      "height": 0.019999999552965164,
      "depth": 0.03999999910593033,
      "object_id": -1,
      "frame": "RealSense D455 aligned color camera frame",
      "rank": 21,
      "distance_to_object_center": 0.044501170119950854
    },
    {
      "score": 0.16848085820674896,
      "translation_camera": [
        0.047086432576179504,
        -0.08418003469705582,
        0.48500004410743713
      ],
      "rotation_matrix_camera": [
        [
          0.32332366704940796,
          -0.5531456470489502,
          -0.7677836418151855
        ],
        [
          -0.38744980096817017,
          0.6628532409667969,
          -0.6407091617584229
        ],
        [
          0.8633333444595337,
          0.5046340823173523,
          -2.2058255666479454e-08
        ]
      ],
      "width": 0.07400680333375931,
      "height": 0.019999999552965164,
      "depth": 0.029999999329447746,
      "object_id": -1,
      "frame": "RealSense D455 aligned color camera frame",
      "rank": 22,
      "distance_to_object_center": 0.029529722533240377
    },
    {
      "score": 0.1682303547859192,
      "translation_camera": [
        0.017717326059937477,
        -0.06736509501934052,
        0.47300001978874207
      ],
      "rotation_matrix_camera": [
        [
          -0.1557886302471161,
          0.39417675137519836,
          -0.9057342410087585
        ],
        [
          -0.33291125297546387,
          0.8423328399658203,
          0.42384597659111023
        ],
        [
          0.9300000071525574,
          0.3675594925880432,
          -1.6066536545622512e-08
        ]
      ],
      "width": 0.07680566608905792,
      "height": 0.019999999552965164,
      "depth": 0.029999999329447746,
      "object_id": -1,
      "frame": "RealSense D455 aligned color camera frame",
      "rank": 23,
      "distance_to_object_center": 0.04941443769501473
    },
    {
      "score": 0.16778261959552765,
      "translation_camera": [
        0.015297070145606995,
        -0.06996806710958481,
        0.4740000367164612
      ],
      "rotation_matrix_camera": [
        [
          -0.1557886302471161,
          0.39417675137519836,
          -0.9057342410087585
        ],
        [
          -0.33291125297546387,
          0.8423328399658203,
          0.42384597659111023
        ],
        [
          0.9300000071525574,
          0.3675594925880432,
          -1.6066536545622512e-08
        ]
      ],
      "width": 0.07897703349590302,
      "height": 0.019999999552965164,
      "depth": 0.03999999910593033,
      "object_id": -1,
      "frame": "RealSense D455 aligned color camera frame",
      "rank": 24,
      "distance_to_object_center": 0.048192845334529145
    },
    {
      "score": 0.16728727519512177,
      "translation_camera": [
        0.01775478385388851,
        -0.06504697352647781,
        0.4740000367164612
      ],
      "rotation_matrix_camera": [
        [
          -0.1557886302471161,
          0.39417675137519836,
          -0.9057342410087585
        ],
        [
          -0.33291125297546387,
          0.8423328399658203,
          0.42384597659111023
        ],
        [
          0.9300000071525574,
          0.3675594925880432,
          -1.6066536545622512e-08
        ]
      ],
      "width": 0.07576629519462585,
      "height": 0.019999999552965164,
      "depth": 0.029999999329447746,
      "object_id": -1,
      "frame": "RealSense D455 aligned color camera frame",
      "rank": 25,
      "distance_to_object_center": 0.05141437990498548
    },
    {
      "score": 0.16328838467597961,
      "translation_camera": [
        0.015297070145606995,
        -0.06504697352647781,
        0.4740000367164612
      ],
      "rotation_matrix_camera": [
        [
          -0.1557886302471161,
          0.39417675137519836,
          -0.9057342410087585
        ],
        [
          -0.33291125297546387,
          0.8423328399658203,
          0.42384597659111023
        ],
        [
          0.9300000071525574,
          0.3675594925880432,
          -1.6066536545622512e-08
        ]
      ],
      "width": 0.07582888007164001,
      "height": 0.019999999552965164,
      "depth": 0.029999999329447746,
      "object_id": -1,
      "frame": "RealSense D455 aligned color camera frame",
      "rank": 26,
      "distance_to_object_center": 0.052498930898462956
    },
    {
      "score": 0.15836527943611145,
      "translation_camera": [
        0.034737519919872284,
        -0.10008738934993744,
        0.4710000157356262
      ],
      "rotation_matrix_camera": [
        [
          0.32332366704940796,
          -0.5531456470489502,
          -0.7677836418151855
        ],
        [
          -0.38744980096817017,
          0.6628532409667969,
          -0.6407091617584229
        ],
        [
          0.8633333444595337,
          0.5046340823173523,
          -2.2058255666479454e-08
        ]
      ],
      "width": 0.07964486628770828,
      "height": 0.019999999552965164,
      "depth": 0.029999999329447746,
      "object_id": -1,
      "frame": "RealSense D455 aligned color camera frame",
      "rank": 27,
      "distance_to_object_center": 0.013780292581718704
    },
    {
      "score": 0.1581203192472458,
      "translation_camera": [
        0.03351644054055214,
        -0.10253236442804337,
        0.4710000157356262
      ],
      "rotation_matrix_camera": [
        [
          0.32332366704940796,
          -0.5531456470489502,
          -0.7677836418151855
        ],
        [
          -0.38744980096817017,
          0.6628532409667969,
          -0.6407091617584229
        ],
        [
          0.8633333444595337,
          0.5046340823173523,
          -2.2058255666479454e-08
        ]
      ],
      "width": 0.07859406620264053,
      "height": 0.019999999552965164,
      "depth": 0.029999999329447746,
      "object_id": -1,
      "frame": "RealSense D455 aligned color camera frame",
      "rank": 28,
      "distance_to_object_center": 0.012360219624876982
    },
    {
      "score": 0.15798138082027435,
      "translation_camera": [
        0.04516760632395744,
        0.034897174686193466,
        0.4780000150203705
      ],
      "rotation_matrix_camera": [
        [
          -0.9794528484344482,
          -0.049033984541893005,
          -0.19562169909477234
        ],
        [
          -0.19537703692913055,
          -0.00978104304522276,
          0.980679452419281
        ],
        [
          -0.05000000447034836,
          0.9987492561340332,
          -4.365671557593487e-08
        ]
      ],
      "width": 0.05953151360154152,
      "height": 0.019999999552965164,
      "depth": 0.029999999329447746,
      "object_id": -1,
      "frame": "RealSense D455 aligned color camera frame",
      "rank": 29,
      "distance_to_object_center": 0.1465734970670531
    },
    {
      "score": 0.15734127163887024,
      "translation_camera": [
        0.009268643334507942,
        -0.07583712041378021,
        0.48000001907348633
      ],
      "rotation_matrix_camera": [
        [
          -0.1557886302471161,
          0.39417675137519836,
          -0.9057342410087585
        ],
        [
          -0.33291125297546387,
          0.8423328399658203,
          0.42384597659111023
        ],
        [
          0.9300000071525574,
          0.3675594925880432,
          -1.6066536545622512e-08
        ]
      ],
      "width": 0.07477587461471558,
      "height": 0.019999999552965164,
      "depth": 0.029999999329447746,
      "object_id": -1,
      "frame": "RealSense D455 aligned color camera frame",
      "rank": 30,
      "distance_to_object_center": 0.046865357298831
    },
    {
      "score": 0.15711618959903717,
      "translation_camera": [
        0.047766029834747314,
        -0.035592302680015564,
        0.4920000433921814
      ],
      "rotation_matrix_camera": [
        [
          0.32332366704940796,
          -0.5531456470489502,
          -0.7677836418151855
        ],
        [
          -0.38744980096817017,
          0.6628532409667969,
          -0.6407091617584229
        ],
        [
          0.8633333444595337,
          0.5046340823173523,
          -2.2058255666479454e-08
        ]
      ],
      "width": 0.07279358059167862,
      "height": 0.019999999552965164,
      "depth": 0.029999999329447746,
      "object_id": -1,
      "frame": "RealSense D455 aligned color camera frame",
      "rank": 31,
      "distance_to_object_center": 0.07788076978242556
    },
    {
      "score": 0.15283694863319397,
      "translation_camera": [
        0.04960118234157562,
        -0.08292121440172195,
        0.48500004410743713
      ],
      "rotation_matrix_camera": [
        [
          0.32332366704940796,
          -0.5531456470489502,
          -0.7677836418151855
        ],
        [
          -0.38744980096817017,
          0.6628532409667969,
          -0.6407091617584229
        ],
        [
          0.8633333444595337,
          0.5046340823173523,
          -2.2058255666479454e-08
        ]
      ],
      "width": 0.07339240610599518,
      "height": 0.019999999552965164,
      "depth": 0.029999999329447746,
      "object_id": -1,
      "frame": "RealSense D455 aligned color camera frame",
      "rank": 32,
      "distance_to_object_center": 0.03142036162758505
    },
    {
      "score": 0.1510166972875595,
      "translation_camera": [
        0.040711864829063416,
        0.01279513444751501,
        0.44300001859664917
      ],
      "rotation_matrix_camera": [
        [
          -0.9794528484344482,
          -0.049033984541893005,
          -0.19562169909477234
        ],
        [
          -0.19537703692913055,
          -0.00978104304522276,
          0.980679452419281
        ],
        [
          -0.05000000447034836,
          0.9987492561340332,
          -4.365671557593487e-08
        ]
      ],
      "width": 0.06654151529073715,
      "height": 0.019999999552965164,
      "depth": 0.029999999329447746,
      "object_id": -1,
      "frame": "RealSense D455 aligned color camera frame",
      "rank": 33,
      "distance_to_object_center": 0.1289269314126827
    },
    {
      "score": 0.15056444704532623,
      "translation_camera": [
        0.03236393257975578,
        -0.10520022362470627,
        0.47200003266334534
      ],
      "rotation_matrix_camera": [
        [
          0.32332366704940796,
          -0.5531456470489502,
          -0.7677836418151855
        ],
        [
          -0.38744980096817017,
          0.6628532409667969,
          -0.6407091617584229
        ],
        [
          0.8633333444595337,
          0.5046340823173523,
          -2.2058255666479454e-08
        ]
      ],
      "width": 0.07791727781295776,
      "height": 0.019999999552965164,
      "depth": 0.029999999329447746,
      "object_id": -1,
      "frame": "RealSense D455 aligned color camera frame",
      "rank": 34,
      "distance_to_object_center": 0.010757739139334267
    },
    {
      "score": 0.14924947917461395,
      "translation_camera": [
        0.0497034527361393,
        -0.08561502397060394,
        0.48600003123283386
      ],
      "rotation_matrix_camera": [
        [
          0.32332366704940796,
          -0.5531456470489502,
          -0.7677836418151855
        ],
        [
          -0.38744980096817017,
          0.6628532409667969,
          -0.6407091617584229
        ],
        [
          0.8633333444595337,
          0.5046340823173523,
          -2.2058255666479454e-08
        ]
      ],
      "width": 0.0723128542304039,
      "height": 0.019999999552965164,
      "depth": 0.019999999552965164,
      "object_id": -1,
      "frame": "RealSense D455 aligned color camera frame",
      "rank": 35,
      "distance_to_object_center": 0.029313455945499344
    },
    {
      "score": 0.1482684314250946,
      "translation_camera": [
        0.03595859929919243,
        -0.1514318287372589,
        0.4710000157356262
      ],
      "rotation_matrix_camera": [
        [
          0.05689249932765961,
          -0.9877405166625977,
          -0.14536793529987335
        ],
        [
          -0.43903547525405884,
          0.10601813346147537,
          -0.8921928405761719
        ],
        [
          0.8966667056083679,
          0.11458075791597366,
          -0.4276214838027954
        ]
      ],
      "width": 0.0695885494351387,
      "height": 0.019999999552965164,
      "depth": 0.029999999329447746,
      "object_id": -1,
      "frame": "RealSense D455 aligned color camera frame",
      "rank": 36,
      "distance_to_object_center": 0.04047047239642087
    },
    {
      "score": 0.14778362214565277,
      "translation_camera": [
        0.0595359168946743,
        -0.12902118265628815,
        0.4740000367164612
      ],
      "rotation_matrix_camera": [
        [
          0.32332366704940796,
          0.5984574556350708,
          -0.7330145835876465
        ],
        [
          -0.38744980096817017,
          0.7904365658760071,
          0.4744393229484558
        ],
        [
          0.8633333444595337,
          0.1306089162826538,
          0.4874390959739685
        ]
      ],
      "width": 0.07922658324241638,
      "height": 0.019999999552965164,
      "depth": 0.019999999552965164,
      "object_id": -1,
      "frame": "RealSense D455 aligned color camera frame",
      "rank": 37,
      "distance_to_object_center": 0.026779479724224807
    },
    {
      "score": 0.1467890739440918,
      "translation_camera": [
        0.052223384380340576,
        -0.08183076232671738,
        0.48600003123283386
      ],
      "rotation_matrix_camera": [
        [
          0.32332366704940796,
          -0.5531456470489502,
          -0.7677836418151855
        ],
        [
          -0.38744980096817017,
          0.6628532409667969,
          -0.6407091617584229
        ],
        [
          0.8633333444595337,
          0.5046340823173523,
          -2.2058255666479454e-08
        ]
      ],
      "width": 0.07181484997272491,
      "height": 0.019999999552965164,
      "depth": 0.019999999552965164,
      "object_id": -1,
      "frame": "RealSense D455 aligned color camera frame",
      "rank": 38,
      "distance_to_object_center": 0.03358546858844503
    },
    {
      "score": 0.14641916751861572,
      "translation_camera": [
        0.05294106900691986,
        -0.14989042282104492,
        0.4700000286102295
      ],
      "rotation_matrix_camera": [
        [
          0.05689249932765961,
          0.9917080998420715,
          -0.11523126810789108
        ],
        [
          -0.43903547525405884,
          0.12851069867610931,
          0.8892316222190857
        ],
        [
          0.8966667056083679,
          0.0,
          0.44270631670951843
        ]
      ],
      "width": 0.07216884195804596,
      "height": 0.019999999552965164,
      "depth": 0.019999999552965164,
      "object_id": -1,
      "frame": "RealSense D455 aligned color camera frame",
      "rank": 39,
      "distance_to_object_center": 0.04123128836894582
    },
    {
      "score": 0.14630185067653656,
      "translation_camera": [
        0.04402028024196625,
        0.036213431507349014,
        0.4790000319480896
      ],
      "rotation_matrix_camera": [
        [
          -0.9794528484344482,
          -0.049033984541893005,
          -0.19562169909477234
        ],
        [
          -0.19537703692913055,
          -0.00978104304522276,
          0.980679452419281
        ],
        [
          -0.05000000447034836,
          0.9987492561340332,
          -4.365671557593487e-08
        ]
      ],
      "width": 0.06015554070472717,
      "height": 0.019999999552965164,
      "depth": 0.029999999329447746,
      "object_id": -1,
      "frame": "RealSense D455 aligned color camera frame",
      "rank": 40,
      "distance_to_object_center": 0.14785899273775344
    },
    {
      "score": 0.14615055918693542,
      "translation_camera": [
        0.05447378382086754,
        -0.1784197837114334,
        0.49500003457069397
      ],
      "rotation_matrix_camera": [
        [
          0.05689249932765961,
          0.9917080998420715,
          -0.11523126810789108
        ],
        [
          -0.43903547525405884,
          0.12851069867610931,
          0.8892316222190857
        ],
        [
          0.8966667056083679,
          0.0,
          0.44270631670951843
        ]
      ],
      "width": 0.08174561709165573,
      "height": 0.019999999552965164,
      "depth": 0.009999999776482582,
      "object_id": -1,
      "frame": "RealSense D455 aligned color camera frame",
      "rank": 41,
      "distance_to_object_center": 0.07084940310705846
    },
    {
      "score": 0.14592455327510834,
      "translation_camera": [
        0.04295707494020462,
        0.03511619567871094,
        0.48100003600120544
      ],
      "rotation_matrix_camera": [
        [
          -0.9794528484344482,
          -0.049033984541893005,
          -0.19562169909477234
        ],
        [
          -0.19537703692913055,
          -0.00978104304522276,
          0.980679452419281
        ],
        [
          -0.05000000447034836,
          0.9987492561340332,
          -4.365671557593487e-08
        ]
      ],
      "width": 0.05999504029750824,
      "height": 0.019999999552965164,
      "depth": 0.029999999329447746,
      "object_id": -1,
      "frame": "RealSense D455 aligned color camera frame",
      "rank": 42,
      "distance_to_object_center": 0.1467740358175846
    },
    {
      "score": 0.14525772631168365,
      "translation_camera": [
        0.05474331974983215,
        -0.08183076232671738,
        0.48600003123283386
      ],
      "rotation_matrix_camera": [
        [
          0.32332366704940796,
          -0.5531456470489502,
          -0.7677836418151855
        ],
        [
          -0.38744980096817017,
          0.6628532409667969,
          -0.6407091617584229
        ],
        [
          0.8633333444595337,
          0.5046340823173523,
          -2.2058255666479454e-08
        ]
      ],
      "width": 0.07128242403268814,
      "height": 0.019999999552965164,
      "depth": 0.019999999552965164,
      "object_id": -1,
      "frame": "RealSense D455 aligned color camera frame",
      "rank": 43,
      "distance_to_object_center": 0.03462212971378618
    },
    {
      "score": 0.1448580026626587,
      "translation_camera": [
        0.05233084037899971,
        -0.08705519884824753,
        0.4870000183582306
      ],
      "rotation_matrix_camera": [
        [
          0.32332366704940796,
          -0.5531456470489502,
          -0.7677836418151855
        ],
        [
          -0.38744980096817017,
          0.6628532409667969,
          -0.6407091617584229
        ],
        [
          0.8633333444595337,
          0.5046340823173523,
          -2.2058255666479454e-08
        ]
      ],
      "width": 0.0695962980389595,
      "height": 0.019999999552965164,
      "depth": 0.019999999552965164,
      "object_id": -1,
      "frame": "RealSense D455 aligned color camera frame",
      "rank": 44,
      "distance_to_object_center": 0.029434359633950097
    },
    {
      "score": 0.1435113549232483,
      "translation_camera": [
        0.041091255843639374,
        0.034179069101810455,
        0.5040000081062317
      ],
      "rotation_matrix_camera": [
        [
          0.6540746092796326,
          0.059122234582901,
          -0.7541160583496094
        ],
        [
          -0.309978187084198,
          0.9303383827209473,
          -0.1959182620048523
        ],
        [
          0.690000057220459,
          0.36190471053123474,
          0.6268373131752014
        ]
      ],
      "width": 0.04977087676525116,
      "height": 0.019999999552965164,
      "depth": 0.009999999776482582,
      "object_id": -1,
      "frame": "RealSense D455 aligned color camera frame",
      "rank": 45,
      "distance_to_object_center": 0.148229521718275
    },
    {
      "score": 0.14317333698272705,
      "translation_camera": [
        0.017455125227570534,
        0.031602077186107635,
        0.4660000205039978
      ],
      "rotation_matrix_camera": [
        [
          -0.9794528484344482,
          0.19562169909477234,
          -0.04903397709131241
        ],
        [
          -0.19537703692913055,
          -0.980679452419281,
          -0.009781085886061192
        ],
        [
          -0.05000000447034836,
          0.0,
          0.9987492561340332
        ]
      ],
      "width": 0.06444816291332245,
      "height": 0.019999999552965164,
      "depth": 0.019999999552965164,
      "object_id": -1,
      "frame": "RealSense D455 aligned color camera frame",
      "rank": 46,
      "distance_to_object_center": 0.14526093574779425
    },
    {
      "score": 0.14264154434204102,
      "translation_camera": [
        0.053483352065086365,
        -0.08561502397060394,
        0.48600003123283386
      ],
      "rotation_matrix_camera": [
        [
          0.32332366704940796,
          -0.5531456470489502,
          -0.7677836418151855
        ],
        [
          -0.38744980096817017,
          0.6628532409667969,
          -0.6407091617584229
        ],
        [
          0.8633333444595337,
          0.5046340823173523,
          -2.2058255666479454e-08
        ]
      ],
      "width": 0.07103636115789413,
      "height": 0.019999999552965164,
      "depth": 0.019999999552965164,
      "object_id": -1,
      "frame": "RealSense D455 aligned color camera frame",
      "rank": 47,
      "distance_to_object_center": 0.03083915051393483
    },
    {
      "score": 0.14228415489196777,
      "translation_camera": [
        0.06402277201414108,
        -0.09078727662563324,
        0.48000001907348633
      ],
      "rotation_matrix_camera": [
        [
          0.14391817152500153,
          -0.43786168098449707,
          -0.8874484300613403
        ],
        [
          -0.2771056890487671,
