{
  "success": true,
  "method": "graspnet_baseline_d455",
  "num_candidates": 953,
  "object_center_camera": [
    -0.11684066499370452,
    -0.0009135990016709458,
    0.41200003027915955
  ],
  "candidates": [
    {
      "score": 0.8233695030212402,
      "translation_camera": [
        -0.12227623164653778,
        -0.008268130011856556,
        0.4050000309944153
      ],
      "rotation_matrix_camera": [
        [
          0.5313771963119507,
          0.3039349913597107,
          -0.7907350063323975
        ],
        [
          -0.16952382028102875,
          0.9526927471160889,
          0.2522660493850708
        ],
        [
          0.8300000429153442,
          0.0,
          0.557763397693634
        ]
      ],
      "width": 0.08173047006130219,
      "height": 0.019999999552965164,
      "depth": 0.019999999552965164,
      "object_id": -1,
      "frame": "RealSense D455 aligned color camera frame",
      "rank": 0,
      "distance_to_object_center": 0.011516705310269729
    },
    {
      "score": 0.812761127948761,
      "translation_camera": [
        -0.12227623164653778,
        -0.006167481653392315,
        0.4050000309944153
      ],
      "rotation_matrix_camera": [
        [
          0.5313771963119507,
          0.3039349913597107,
          -0.7907350063323975
        ],
        [
          -0.16952382028102875,
          0.9526927471160889,
          0.2522660493850708
        ],
        [
          0.8300000429153442,
          0.0,
          0.557763397693634
        ]
      ],
      "width": 0.08034197986125946,
      "height": 0.019999999552965164,
      "depth": 0.019999999552965164,
      "object_id": -1,
      "frame": "RealSense D455 aligned color camera frame",
      "rank": 1,
      "distance_to_object_center": 0.010302847069711941
    },
    {
      "score": 0.7967448830604553,
      "translation_camera": [
        -0.12227623164653778,
        -0.004066833294928074,
        0.4050000309944153
      ],
      "rotation_matrix_camera": [
        [
          0.5313771963119507,
          0.3039349913597107,
          -0.7907350063323975
        ],
        [
          -0.16952382028102875,
          0.9526927471160889,
          0.2522660493850708
        ],
        [
          0.8300000429153442,
          0.0,
          0.557763397693634
        ]
      ],
      "width": 0.08069269359111786,
      "height": 0.019999999552965164,
      "depth": 0.019999999552965164,
      "object_id": -1,
      "frame": "RealSense D455 aligned color camera frame",
      "rank": 2,
      "distance_to_object_center": 0.009406819937257541
    },
    {
      "score": 0.7861639261245728,
      "translation_camera": [
        -0.12152644246816635,
        0.002240631030872464,
        0.406000018119812
      ],
      "rotation_matrix_camera": [
        [
          0.5313771963119507,
          0.3039349913597107,
          -0.7907350063323975
        ],
        [
          -0.16952382028102875,
          0.9526927471160889,
          0.2522660493850708
        ],
        [
          0.8300000429153442,
          0.0,
          0.557763397693634
        ]
      ],
      "width": 0.08347532898187637,
      "height": 0.019999999552965164,
      "depth": 0.019999999552965164,
      "object_id": -1,
      "frame": "RealSense D455 aligned color camera frame",
      "rank": 3,
      "distance_to_object_center": 0.008240498986753834
    },
    {
      "score": 0.7834005355834961,
      "translation_camera": [
        -0.12437446415424347,
        -0.007217805832624435,
        0.4050000309944153
      ],
      "rotation_matrix_camera": [
        [
          0.5313771963119507,
          0.3039349913597107,
          -0.7907350063323975
        ],
        [
          -0.16952382028102875,
          0.9526927471160889,
          0.2522660493850708
        ],
        [
          0.8300000429153442,
          0.0,
          0.557763397693634
        ]
      ],
      "width": 0.08461696654558182,
      "height": 0.019999999552965164,
      "depth": 0.019999999552965164,
      "object_id": -1,
      "frame": "RealSense D455 aligned color camera frame",
      "rank": 4,
      "distance_to_object_center": 0.012062385483195196
    },
    {
      "score": 0.7719488143920898,
      "translation_camera": [
        -0.1236298531293869,
        0.00013479581684805453,
        0.406000018119812
      ],
      "rotation_matrix_camera": [
        [
          0.5313771963119507,
          0.3039349913597107,
          -0.7907350063323975
        ],
        [
          -0.16952382028102875,
          0.9526927471160889,
          0.2522660493850708
        ],
        [
          0.8300000429153442,
          0.0,
          0.557763397693634
        ]
      ],
      "width": 0.08284087479114532,
      "height": 0.019999999552965164,
      "depth": 0.019999999552965164,
      "object_id": -1,
      "frame": "RealSense D455 aligned color camera frame",
      "rank": 5,
      "distance_to_object_center": 0.009120984220439492
    },
    {
      "score": 0.7643073797225952,
      "translation_camera": [
        -0.1236298531293869,
        -0.004076874349266291,
        0.406000018119812
      ],
      "rotation_matrix_camera": [
        [
          0.5313771963119507,
          0.3039349913597107,
          -0.7907350063323975
        ],
        [
          -0.16952382028102875,
          0.9526927471160889,
          0.2522660493850708
        ],
        [
          0.8300000429153442,
          0.0,
          0.557763397693634
        ]
      ],
      "width": 0.08309011906385422,
      "height": 0.019999999552965164,
      "depth": 0.019999999552965164,
      "object_id": -1,
      "frame": "RealSense D455 aligned color camera frame",
      "rank": 6,
      "distance_to_object_center": 0.009596850127969757
    },
    {
      "score": 0.7519658803939819,
      "translation_camera": [
        -0.12573327124118805,
        -0.0009181217756122351,
        0.406000018119812
      ],
      "rotation_matrix_camera": [
        [
          0.5313771963119507,
          0.3039349913597107,
          -0.7907350063323975
        ],
        [
          -0.16952382028102875,
          0.9526927471160889,
          0.2522660493850708
        ],
        [
          0.8300000429153442,
          0.0,
          0.557763397693634
        ]
      ],
      "width": 0.08454635739326477,
      "height": 0.019999999552965164,
      "depth": 0.019999999552965164,
      "object_id": -1,
      "frame": "RealSense D455 aligned color camera frame",
      "rank": 7,
      "distance_to_object_center": 0.010727469983205989
    },
    {
      "score": 0.7404314875602722,
      "translation_camera": [
        -0.12152644246816635,
        0.00013479581684805453,
        0.406000018119812
      ],
      "rotation_matrix_camera": [
        [
          0.5313771963119507,
          0.3039349913597107,
          -0.7907350063323975
        ],
        [
          -0.16952382028102875,
          0.9526927471160889,
          0.2522660493850708
        ],
        [
          0.8300000429153442,
          0.0,
          0.557763397693634
        ]
      ],
      "width": 0.08261268585920334,
      "height": 0.019999999552965164,
      "depth": 0.019999999552965164,
      "object_id": -1,
      "frame": "RealSense D455 aligned color camera frame",
      "rank": 8,
      "distance_to_object_center": 0.007684776388938695
    },
    {
      "score": 0.7397726774215698,
      "translation_camera": [
        -0.11988126486539841,
        -0.00615225313231349,
        0.40400001406669617
      ],
      "rotation_matrix_camera": [
        [
          0.5313771963119507,
          0.3039349913597107,
          -0.7907350063323975
        ],
        [
          -0.16952382028102875,
          0.9526927471160889,
          0.2522660493850708
        ],
        [
          0.8300000429153442,
          0.0,
          0.557763397693634
        ]
      ],
      "width": 0.0810215026140213,
      "height": 0.019999999552965164,
      "depth": 0.019999999552965164,
      "object_id": -1,
      "frame": "RealSense D455 aligned color camera frame",
      "rank": 9,
      "distance_to_object_center": 0.010034391066722484
    },
    {
      "score": 0.7365758419036865,
      "translation_camera": [
        -0.11703065782785416,
        0.001184788066893816,
        0.4050000309944153
      ],
      "rotation_matrix_camera": [
        [
          0.5313771963119507,
          0.3039349913597107,
          -0.7907350063323975
        ],
        [
          -0.16952382028102875,
          0.9526927471160889,
          0.2522660493850708
        ],
        [
          0.8300000429153442,
          0.0,
          0.557763397693634
        ]
      ],
      "width": 0.0810951292514801,
      "height": 0.019999999552965164,
      "depth": 0.019999999552965164,
      "object_id": -1,
      "frame": "RealSense D455 aligned color camera frame",
      "rank": 10,
      "distance_to_object_center": 0.007310219938754799
    },
    {
      "score": 0.7214772701263428,
      "translation_camera": [
        -0.112555593252182,
        -0.0030090606305748224,
        0.40400001406669617
      ],
      "rotation_matrix_camera": [
        [
          0.5313771963119507,
          0.3039349913597107,
          -0.7907350063323975
        ],
        [
          -0.16952382028102875,
          0.9526927471160889,
          0.2522660493850708
        ],
        [
          0.8300000429153442,
          0.0,
          0.557763397693634
        ]
      ],
      "width": 0.08197301626205444,
      "height": 0.019999999552965164,
      "depth": 0.019999999552965164,
      "object_id": -1,
      "frame": "RealSense D455 aligned color camera frame",
      "rank": 11,
      "distance_to_object_center": 0.009314132201546216
    },
    {
      "score": 0.7133828997612,
      "translation_camera": [
        -0.1236298531293869,
        -0.001971039455384016,
        0.406000018119812
      ],
      "rotation_matrix_camera": [
        [
          0.5313771963119507,
          0.3039349913597107,
          -0.7907350063323975
        ],
        [
          -0.16952382028102875,
          0.9526927471160889,
          0.2522660493850708
        ],
        [
          0.8300000429153442,
          0.0,
          0.557763397693634
        ]
      ],
      "width": 0.08284337818622589,
      "height": 0.019999999552965164,
      "depth": 0.019999999552965164,
      "object_id": -1,
      "frame": "RealSense D455 aligned color camera frame",
      "rank": 12,
      "distance_to_object_center": 0.009122028380089464
    },
    {
      "score": 0.7021275162696838,
      "translation_camera": [
        -0.11464864015579224,
        -0.0019613297190517187,
        0.40400001406669617
      ],
      "rotation_matrix_camera": [
        [
          0.5313771963119507,
          0.3039349913597107,
          -0.7907350063323975
        ],
        [
          -0.16952382028102875,
          0.9526927471160889,
          0.2522660493850708
        ],
        [
          0.8300000429153442,
          0.0,
          0.557763397693634
        ]
      ],
      "width": 0.08079509437084198,
      "height": 0.019999999552965164,
      "depth": 0.019999999552965164,
      "object_id": -1,
      "frame": "RealSense D455 aligned color camera frame",
      "rank": 13,
      "distance_to_object_center": 0.00836079971927593
    },
    {
      "score": 0.6901997923851013,
      "translation_camera": [
        -0.12122712284326553,
        -0.001966184703633189,
        0.4050000309944153
      ],
      "rotation_matrix_camera": [
        [
          0.5313771963119507,
          0.3039349913597107,
          -0.7907350063323975
        ],
        [
          -0.16952382028102875,
          0.9526927471160889,
          0.2522660493850708
        ],
        [
          0.8300000429153442,
          0.0,
          0.557763397693634
        ]
      ],
      "width": 0.08195862919092178,
      "height": 0.019999999552965164,
      "depth": 0.019999999552965164,
      "object_id": -1,
      "frame": "RealSense D455 aligned color camera frame",
      "rank": 14,
      "distance_to_object_center": 0.008327601041858992
    },
    {
      "score": 0.6630226373672485,
      "translation_camera": [
        -0.11703065782785416,
        -0.0009158604079857469,
        0.4050000309944153
      ],
      "rotation_matrix_camera": [
        [
          0.5313771963119507,
          0.3039349913597107,
          -0.7907350063323975
        ],
        [
          -0.16952382028102875,
          0.9526927471160889,
          0.2522660493850708
        ],
        [
          0.8300000429153442,
          0.0,
          0.557763397693634
        ]
      ],
      "width": 0.08244401961565018,
      "height": 0.019999999552965164,
      "depth": 0.019999999552965164,
      "object_id": -1,
      "frame": "RealSense D455 aligned color camera frame",
      "rank": 15,
      "distance_to_object_center": 0.007002577552402181
    },
    {
      "score": 0.6569883823394775,
      "translation_camera": [
        -0.11046254634857178,
        -0.005104522220790386,
        0.40400001406669617
      ],
      "rotation_matrix_camera": [
        [
          0.5313771963119507,
          0.3039349913597107,
          -0.7907350063323975
        ],
        [
          -0.16952382028102875,
          0.9526927471160889,
          0.2522660493850708
        ],
        [
          0.8300000429153442,
          0.0,
          0.557763397693634
        ]
      ],
      "width": 0.0818651020526886,
      "height": 0.019999999552965164,
      "depth": 0.019999999552965164,
      "object_id": -1,
      "frame": "RealSense D455 aligned color camera frame",
      "rank": 16,
      "distance_to_object_center": 0.011056423213662783
    },
    {
      "score": 0.6055802702903748,
      "translation_camera": [
        -0.12498866021633148,
        0.001190638868138194,
        0.40700003504753113
      ],
      "rotation_matrix_camera": [
        [
          0.4980229139328003,
          0.6123030185699463,
          -0.6140506863594055
        ],
        [
          -0.3856969475746155,
          0.790623128414154,
          0.4755553603172302
        ],
        [
          0.7766667008399963,
          0.0,
          0.6299118399620056
        ]
      ],
      "width": 0.08275264501571655,
      "height": 0.019999999552965164,
      "depth": 0.019999999552965164,
      "object_id": -1,
      "frame": "RealSense D455 aligned color camera frame",
      "rank": 17,
      "distance_to_object_center": 0.009788646253542808
    },
    {
      "score": 0.6039935946464539,
      "translation_camera": [
        -0.10758862644433975,
        -0.007217805832624435,
        0.4050000309944153
      ],
      "rotation_matrix_camera": [
        [
          0.5313771963119507,
          0.3039349913597107,
          -0.7907350063323975
        ],
        [
          -0.16952382028102875,
          0.9526927471160889,
          0.2522660493850708
        ],
        [
          0.8300000429153442,
          0.0,
          0.557763397693634
        ]
      ],
      "width": 0.08378700166940689,
      "height": 0.019999999552965164,
      "depth": 0.019999999552965164,
      "object_id": -1,
      "frame": "RealSense D455 aligned color camera frame",
      "rank": 18,
      "distance_to_object_center": 0.013203909688906256
    },
    {
      "score": 0.5903412699699402,
      "translation_camera": [
        -0.1143648624420166,
        -0.004046749789267778,
        0.40300002694129944
      ],
      "rotation_matrix_camera": [
        [
          0.5313771963119507,
          0.3039349913597107,
          -0.7907350063323975
        ],
        [
          -0.16952382028102875,
          0.9526927471160889,
          0.2522660493850708
        ],
        [
          0.8300000429153442,
          0.0,
          0.557763397693634
        ]
      ],
      "width": 0.0836356058716774,
      "height": 0.019999999552965164,
      "depth": 0.019999999552965164,
      "object_id": -1,
      "frame": "RealSense D455 aligned color camera frame",
      "rank": 19,
      "distance_to_object_center": 0.009846130824555203
    },
    {
      "score": 0.5894164443016052,
      "translation_camera": [
        -0.1281515508890152,
        0.00013512783334590495,
        0.40700003504753113
      ],
      "rotation_matrix_camera": [
        [
          0.4980229139328003,
          0.6123030185699463,
          -0.6140506863594055
        ],
        [
          -0.3856969475746155,
          0.790623128414154,
          0.4755553603172302
        ],
        [
          0.7766667008399963,
          0.0,
          0.6299118399620056
        ]
      ],
      "width": 0.08380450308322906,
      "height": 0.019999999552965164,
      "depth": 0.019999999552965164,
      "object_id": -1,
      "frame": "RealSense D455 aligned color camera frame",
      "rank": 20,
      "distance_to_object_center": 0.01241112082076109
    },
    {
      "score": 0.5882301330566406,
      "translation_camera": [
        -0.11912889033555984,
        0.00013446381490211934,
        0.4050000309944153
      ],
      "rotation_matrix_camera": [
        [
          0.5313771963119507,
          0.3039349913597107,
          -0.7907350063323975
        ],
        [
          -0.16952382028102875,
          0.9526927471160889,
          0.2522660493850708
        ],
        [
          0.8300000429153442,
          0.0,
          0.557763397693634
        ]
      ],
      "width": 0.08454766869544983,
      "height": 0.019999999552965164,
      "depth": 0.019999999552965164,
      "object_id": -1,
      "frame": "RealSense D455 aligned color camera frame",
      "rank": 21,
      "distance_to_object_center": 0.007438709623920817
    },
    {
      "score": 0.5746757984161377,
      "translation_camera": [
        -0.11073596775531769,
        -0.0030165088828653097,
        0.4050000309944153
      ],
      "rotation_matrix_camera": [
        [
          0.5313771963119507,
          0.3039349913597107,
          -0.7907350063323975
        ],
        [
          -0.16952382028102875,
          0.9526927471160889,
          0.2522660493850708
        ],
        [
          0.8300000429153442,
          0.0,
          0.557763397693634
        ]
      ],
      "width": 0.08445902168750763,
      "height": 0.019999999552965164,
      "depth": 0.019999999552965164,
      "object_id": -1,
      "frame": "RealSense D455 aligned color camera frame",
      "rank": 22,
      "distance_to_object_center": 0.009523106023100492
    },
    {
      "score": 0.5585365891456604,
      "translation_camera": [
        -0.14005759358406067,
        -0.011588274501264095,
        0.41100001335144043
      ],
      "rotation_matrix_camera": [
        [
          0.5313771963119507,
          -0.7907350063323975,
          -0.3039349615573883
        ],
        [
          -0.16952382028102875,
          0.2522660195827484,
          -0.9526927471160889
        ],
        [
          0.8300000429153442,
          0.557763397693634,
          -2.4380613083963e-08
        ]
      ],
      "width": 0.08130275458097458,
      "height": 0.019999999552965164,
      "depth": 0.029999999329447746,
      "object_id": -1,
      "frame": "RealSense D455 aligned color camera frame",
      "rank": 23,
      "distance_to_object_center": 0.02557292521490328
    },
    {
      "score": 0.550661027431488,
      "translation_camera": [
        -0.1086377426981926,
        -0.009318454191088676,
        0.4050000309944153
      ],
      "rotation_matrix_camera": [
        [
          0.5313771963119507,
          0.3039349913597107,
          -0.7907350063323975
        ],
        [
          -0.16952382028102875,
          0.9526927471160889,
          0.2522660493850708
        ],
        [
          0.8300000429153442,
          0.0,
          0.557763397693634
        ]
      ],
      "width": 0.08320066332817078,
      "height": 0.019999999552965164,
      "depth": 0.019999999552965164,
      "object_id": -1,
      "frame": "RealSense D455 aligned color camera frame",
      "rank": 24,
      "distance_to_object_center": 0.013672216898795489
    },
    {
      "score": 0.4951261281967163,
      "translation_camera": [
        -0.11837132275104523,
        0.00539938360452652,
        0.406000018119812
      ],
      "rotation_matrix_camera": [
        [
          0.5313771963119507,
          -0.7907350063323975,
          -0.3039349615573883
        ],
        [
          -0.16952382028102875,
          0.2522660195827484,
          -0.9526927471160889
        ],
        [
          0.8300000429153442,
          0.557763397693634,
          -2.4380613083963e-08
        ]
      ],
      "width": 0.06665103882551193,
      "height": 0.019999999552965164,
      "depth": 0.019999999552965164,
      "object_id": -1,
      "frame": "RealSense D455 aligned color camera frame",
      "rank": 25,
      "distance_to_object_center": 0.008842895932248513
    },
    {
      "score": 0.49077659845352173,
      "translation_camera": [
        -0.11971718072891235,
        0.008579215966165066,
        0.40700003504753113
      ],
      "rotation_matrix_camera": [
        [
          0.5313771963119507,
          -0.7907350063323975,
          -0.3039349615573883
        ],
        [
          -0.16952382028102875,
          0.2522660195827484,
          -0.9526927471160889
        ],
        [
          0.8300000429153442,
          0.557763397693634,
          -2.4380613083963e-08
        ]
      ],
      "width": 0.06380101293325424,
      "height": 0.019999999552965164,
      "depth": 0.019999999552965164,
      "object_id": -1,
      "frame": "RealSense D455 aligned color camera frame",
      "rank": 26,
      "distance_to_object_center": 0.01110800752181851
    },
    {
      "score": 0.4804454743862152,
      "translation_camera": [
        -0.09259641915559769,
        -0.002005022717639804,
        0.4130000174045563
      ],
      "rotation_matrix_camera": [
        [
          -0.6358653903007507,
          0.7673709392547607,
          -0.08256512880325317
        ],
        [
          -0.05268014967441559,
          0.06357516348361969,
          0.9965856671333313
        ],
        [
          0.7699999809265137,
          0.6380438804626465,
          -2.788978292755928e-08
        ]
      ],
      "width": 0.06893708556890488,
      "height": 0.019999999552965164,
      "depth": 0.029999999329447746,
      "object_id": -1,
      "frame": "RealSense D455 aligned color camera frame",
      "rank": 27,
      "distance_to_object_center": 0.024289393492578172
    },
    {
      "score": 0.48011845350265503,
      "translation_camera": [
        -0.11311279982328415,
        0.00539938360452652,
        0.406000018119812
      ],
      "rotation_matrix_camera": [
        [
          0.6660667061805725,
          -0.7401613593101501,
          -0.09228425472974777
        ],
        [
          -0.06173091381788254,
          0.0685979425907135,
          -0.9957327246665955
        ],
        [
          0.7433333396911621,
          0.6689212322235107,
          -2.9239474841347146e-08
        ]
      ],
      "width": 0.06894983351230621,
      "height": 0.019999999552965164,
      "depth": 0.029999999329447746,
      "object_id": -1,
      "frame": "RealSense D455 aligned color camera frame",
      "rank": 28,
      "distance_to_object_center": 0.009473693790032656
    },
    {
      "score": 0.47983986139297485,
      "translation_camera": [
        -0.1194230318069458,
        0.003293548710644245,
        0.406000018119812
      ],
      "rotation_matrix_camera": [
        [
          0.5313771963119507,
          -0.7907350063323975,
          -0.3039349615573883
        ],
        [
          -0.16952382028102875,
          0.2522660195827484,
          -0.9526927471160889
        ],
        [
          0.8300000429153442,
          0.557763397693634,
          -2.4380613083963e-08
        ]
      ],
      "width": 0.0692775622010231,
      "height": 0.019999999552965164,
      "depth": 0.019999999552965164,
      "object_id": -1,
      "frame": "RealSense D455 aligned color camera frame",
      "rank": 29,
      "distance_to_object_center": 0.00776973977322839
    },
    {
      "score": 0.47312039136886597,
      "translation_camera": [
        -0.09089478850364685,
        0.00013778390712104738,
        0.4150000214576721
      ],
      "rotation_matrix_camera": [
        [
          -0.6358653903007507,
          0.7673709392547607,
          -0.08256512880325317
        ],
        [
          -0.05268014967441559,
          0.06357516348361969,
          0.9965856671333313
        ],
        [
          0.7699999809265137,
          0.6380438804626465,
          -2.788978292755928e-08
        ]
      ],
      "width": 0.06351521611213684,
      "height": 0.019999999552965164,
      "depth": 0.029999999329447746,
      "object_id": -1,
      "frame": "RealSense D455 aligned color camera frame",
      "rank": 30,
      "distance_to_object_center": 0.026139890204998573
    },
    {
      "score": 0.4704618752002716,
      "translation_camera": [
        -0.10995768010616302,
        0.0043464661575853825,
        0.406000018119812
      ],
      "rotation_matrix_camera": [
        [
          0.6660667061805725,
          -0.7401613593101501,
          -0.09228425472974777
        ],
        [
          -0.06173091381788254,
          0.0685979425907135,
          -0.9957327246665955
        ],
        [
          0.7433333396911621,
          0.6689212322235107,
          -2.9239474841347146e-08
        ]
      ],
      "width": 0.07190246880054474,
      "height": 0.019999999552965164,
      "depth": 0.029999999329447746,
      "object_id": -1,
      "frame": "RealSense D455 aligned color camera frame",
      "rank": 31,
      "distance_to_object_center": 0.010537737534882198
    },
    {
      "score": 0.46463343501091003,
      "translation_camera": [
        -0.09343945980072021,
        0.00013678787217941135,
        0.41200003027915955
      ],
      "rotation_matrix_camera": [
        [
          -0.6358653903007507,
          0.7673709392547607,
          -0.08256512880325317
        ],
        [
          -0.05268014967441559,
          0.06357516348361969,
          0.9965856671333313
        ],
        [
          0.7699999809265137,
          0.6380438804626465,
          -2.788978292755928e-08
        ]
      ],
      "width": 0.0685126781463623,
      "height": 0.019999999552965164,
      "depth": 0.029999999329447746,
      "object_id": -1,
      "frame": "RealSense D455 aligned color camera frame",
      "rank": 32,
      "distance_to_object_center": 0.023424767172138823
    },
    {
      "score": 0.4595412313938141,
      "translation_camera": [
        -0.09450671076774597,
        0.00227374373935163,
        0.41200003027915955
      ],
      "rotation_matrix_camera": [
        [
          -0.6358653903007507,
          0.7673709392547607,
          -0.08256512880325317
        ],
        [
          -0.05268014967441559,
          0.06357516348361969,
          0.9965856671333313
        ],
        [
          0.7699999809265137,
          0.6380438804626465,
          -2.788978292755928e-08
        ]
      ],
      "width": 0.06860917061567307,
      "height": 0.019999999552965164,
      "depth": 0.029999999329447746,
      "object_id": -1,
      "frame": "RealSense D455 aligned color camera frame",
      "rank": 33,
      "distance_to_object_center": 0.02256024523616623
    },
    {
      "score": 0.45588308572769165,
      "translation_camera": [
        -0.11626791208982468,
        0.006452301517128944,
        0.406000018119812
      ],
      "rotation_matrix_camera": [
        [
          0.6660667061805725,
          -0.7401613593101501,
          -0.09228425472974777
        ],
        [
          -0.06173091381788254,
          0.0685979425907135,
          -0.9957327246665955
        ],
        [
          0.7433333396911621,
          0.6689212322235107,
          -2.9239474841347146e-08
        ]
      ],
      "width": 0.06481997668743134,
      "height": 0.019999999552965164,
      "depth": 0.029999999329447746,
      "object_id": -1,
      "frame": "RealSense D455 aligned color camera frame",
      "rank": 34,
      "distance_to_object_center": 0.00951759855499682
    },
    {
      "score": 0.45380693674087524,
      "translation_camera": [
        -0.09640663862228394,
        0.0022682249546051025,
        0.41100001335144043
      ],
      "rotation_matrix_camera": [
        [
          -0.6358653903007507,
          0.7673709392547607,
          -0.08256512880325317
        ],
        [
          -0.05268014967441559,
          0.06357516348361969,
          0.9965856671333313
        ],
        [
          0.7699999809265137,
          0.6380438804626465,
          -2.788978292755928e-08
        ]
      ],
      "width": 0.06967097520828247,
      "height": 0.019999999552965164,
      "depth": 0.029999999329447746,
      "object_id": -1,
      "frame": "RealSense D455 aligned color camera frame",
      "rank": 35,
      "distance_to_object_center": 0.020704431199440588
    },
    {
      "score": 0.45229804515838623,
      "translation_camera": [
        -0.09321266412734985,
        -0.00199531321413815,
        0.41100001335144043
      ],
      "rotation_matrix_camera": [
        [
          -0.6358653903007507,
          0.7673709392547607,
          -0.08256512880325317
        ],
        [
          -0.05268014967441559,
          0.06357516348361969,
          0.9965856671333313
        ],
        [
          0.7699999809265137,
          0.6380438804626465,
          -2.788978292755928e-08
        ]
      ],
      "width": 0.07101549208164215,
      "height": 0.019999999552965164,
      "depth": 0.029999999329447746,
      "object_id": -1,
      "frame": "RealSense D455 aligned color camera frame",
      "rank": 36,
      "distance_to_object_center": 0.023673879370175795
    },
    {
      "score": 0.44386374950408936,
      "translation_camera": [
        -0.14107991755008698,
        -0.027777832001447678,
        0.4140000343322754
      ],
      "rotation_matrix_camera": [
        [
          0.5844549536705017,
          -0.7703527808189392,
          0.25489020347595215
        ],
        [
          0.1540604531764984,
          -0.20306254923343658,
          -0.9669699668884277
        ],
        [
          0.79666668176651,
          0.6044188737869263,
          -2.6419987975145887e-08
        ]
      ],
      "width": 0.08091288805007935,
      "height": 0.019999999552965164,
      "depth": 0.019999999552965164,
      "object_id": -1,
      "frame": "RealSense D455 aligned color camera frame",
      "rank": 37,
      "distance_to_object_center": 0.03623849328229398
    },
    {
      "score": 0.44324547052383423,
      "translation_camera": [
        -0.09003620594739914,
        0.0066112251952290535,
        0.41600003838539124
      ],
      "rotation_matrix_camera": [
        [
          -0.6358653903007507,
          0.7673709392547607,
          -0.08256512880325317
        ],
        [
          -0.05268014967441559,
          0.06357516348361969,
          0.9965856671333313
        ],
        [
          0.7699999809265137,
          0.6380438804626465,
          -2.788978292755928e-08
        ]
      ],
      "width": 0.06354854255914688,
      "height": 0.019999999552965164,
      "depth": 0.029999999329447746,
      "object_id": -1,
      "frame": "RealSense D455 aligned color camera frame",
      "rank": 38,
      "distance_to_object_center": 0.02812653673684752
    },
    {
      "score": 0.44113659858703613,
      "translation_camera": [
        -0.09003620594739914,
        0.0022958191111683846,
        0.41600003838539124
      ],
      "rotation_matrix_camera": [
        [
          -0.6358653903007507,
          0.7673709392547607,
          -0.08256512880325317
        ],
        [
          -0.05268014967441559,
          0.06357516348361969,
          0.9965856671333313
        ],
        [
          0.7699999809265137,
          0.6380438804626465,
          -2.788978292755928e-08
        ]
      ],
      "width": 0.06302504241466522,
      "height": 0.019999999552965164,
      "depth": 0.029999999329447746,
      "object_id": -1,
      "frame": "RealSense D455 aligned color camera frame",
      "rank": 39,
      "distance_to_object_center": 0.027290647743100614
    },
    {
      "score": 0.4405694007873535,
      "translation_camera": [
        -0.08809223771095276,
        0.0012198928743600845,
        0.41700002551078796
      ],
      "rotation_matrix_camera": [
        [
          -0.6358653903007507,
          0.7673709392547607,
          -0.08256512880325317
        ],
        [
          -0.05268014967441559,
          0.06357516348361969,
          0.9965856671333313
        ],
        [
          0.7699999809265137,
          0.6380438804626465,
          -2.788978292755928e-08
        ]
      ],
      "width": 0.06106170266866684,
      "height": 0.019999999552965164,
      "depth": 0.029999999329447746,
      "object_id": -1,
      "frame": "RealSense D455 aligned color camera frame",
      "rank": 40,
      "distance_to_object_center": 0.029257884597712513
    },
    {
      "score": 0.4385494887828827,
      "translation_camera": [
        -0.0919698029756546,
        0.007671590894460678,
        0.4150000214576721
      ],
      "rotation_matrix_camera": [
        [
          -0.6358653903007507,
          0.7673709392547607,
          -0.08256512880325317
        ],
        [
          -0.05268014967441559,
          0.06357516348361969,
          0.9965856671333313
        ],
        [
          0.7699999809265137,
          0.6380438804626465,
          -2.788978292755928e-08
        ]
      ],
      "width": 0.06558271497488022,
      "height": 0.019999999552965164,
      "depth": 0.029999999329447746,
      "object_id": -1,
      "frame": "RealSense D455 aligned color camera frame",
      "rank": 41,
      "distance_to_object_center": 0.026481412540585364
    },
    {
      "score": 0.43532177805900574,
      "translation_camera": [
        -0.10785426944494247,
        0.003293548710644245,
        0.406000018119812
      ],
      "rotation_matrix_camera": [
        [
          0.6660667061805725,
          -0.7401613593101501,
          -0.09228425472974777
        ],
        [
          -0.06173091381788254,
          0.0685979425907135,
          -0.9957327246665955
        ],
        [
          0.7433333396911621,
          0.6689212322235107,
          -2.9239474841347146e-08
        ]
      ],
      "width": 0.07283377647399902,
      "height": 0.019999999552965164,
      "depth": 0.019999999552965164,
      "object_id": -1,
      "frame": "RealSense D455 aligned color camera frame",
      "rank": 42,
      "distance_to_object_center": 0.011595496657943008
    },
    {
      "score": 0.432069331407547,
      "translation_camera": [
        -0.08917243778705597,
        0.004464227706193924,
        0.41700002551078796
      ],
      "rotation_matrix_camera": [
        [
          -0.6358653903007507,
          0.7673709392547607,
          -0.08256512880325317
        ],
        [
          -0.05268014967441559,
          0.06357516348361969,
          0.9965856671333313
        ],
        [
          0.7699999809265137,
          0.6380438804626465,
          -2.788978292755928e-08
        ]
      ],
      "width": 0.06131859868764877,
      "height": 0.019999999552965164,
      "depth": 0.029999999329447746,
      "object_id": -1,
      "frame": "RealSense D455 aligned color camera frame",
      "rank": 43,
      "distance_to_object_center": 0.02862606800059796
    },
    {
      "score": 0.4241041839122772,
      "translation_camera": [
        -0.0898197665810585,
        -0.002014732453972101,
        0.4150000214576721
      ],
      "rotation_matrix_camera": [
        [
          -0.6358653903007507,
          0.7673709392547607,
          -0.08256512880325317
        ],
        [
          -0.05268014967441559,
          0.06357516348361969,
          0.9965856671333313
        ],
        [
          0.7699999809265137,
          0.6380438804626465,
          -2.788978292755928e-08
        ]
      ],
      "width": 0.06405863165855408,
      "height": 0.019999999552965164,
      "depth": 0.029999999329447746,
      "object_id": -1,
      "frame": "RealSense D455 aligned color camera frame",
      "rank": 44,
      "distance_to_object_center": 0.0272092152216389
    },
    {
      "score": 0.42071497440338135,
      "translation_camera": [
        -0.08788098394870758,
        -0.0009407356847077608,
        0.41600003838539124
      ],
      "rotation_matrix_camera": [
        [
          -0.6358653903007507,
          0.7673709392547607,
          -0.08256512880325317
        ],
        [
          -0.05268014967441559,
          0.06357516348361969,
          0.9965856671333313
        ],
        [
          0.7699999809265137,
          0.6380438804626465,
          -2.788978292755928e-08
        ]
      ],
      "width": 0.06288433820009232,
      "height": 0.019999999552965164,
      "depth": 0.029999999329447746,
      "object_id": -1,
      "frame": "RealSense D455 aligned color camera frame",
      "rank": 45,
      "distance_to_object_center": 0.029234635750722812
    },
    {
      "score": 0.41568225622177124,
      "translation_camera": [
        -0.14495454728603363,
        -0.030286576598882675,
        0.4190000295639038
      ],
      "rotation_matrix_camera": [
        [
          0.5844549536705017,
          -0.7703527808189392,
          0.25489020347595215
        ],
        [
          0.1540604531764984,
          -0.20306254923343658,
          -0.9669699668884277
        ],
        [
          0.79666668176651,
          0.6044188737869263,
          -2.6419987975145887e-08
        ]
      ],
      "width": 0.0798339992761612,
      "height": 0.019999999552965164,
      "depth": 0.019999999552965164,
      "object_id": -1,
      "frame": "RealSense D455 aligned color camera frame",
      "rank": 46,
      "distance_to_object_center": 0.04125726821373003
    },
    {
      "score": 0.4072544276714325,
      "translation_camera": [
        -0.11073596775531769,
        0.0022351122461259365,
        0.4050000309944153
      ],
      "rotation_matrix_camera": [
        [
          0.6660667061805725,
          -0.7401613593101501,
          -0.09228425472974777
        ],
        [
          -0.06173091381788254,
          0.0685979425907135,
          -0.9957327246665955
        ],
        [
          0.7433333396911621,
          0.6689212322235107,
          -2.9239474841347146e-08
        ]
      ],
      "width": 0.07096729427576065,
      "height": 0.019999999552965164,
      "depth": 0.029999999329447746,
      "object_id": -1,
      "frame": "RealSense D455 aligned color camera frame",
      "rank": 47,
      "distance_to_object_center": 0.009807226972023773
    },
    {
      "score": 0.40419575572013855,
      "translation_camera": [
        -0.09389305114746094,
        0.003358446294441819,
        0.4140000343322754
      ],
      "rotation_matrix_camera": [
        [
          -0.6358653903007507,
          0.7673709392547607,
          -0.08256512880325317
        ],
        [
          -0.05268014967441559,
          0.06357516348361969,
          0.9965856671333313
        ],
        [
          0.7699999809265137,
          0.6380438804626465,
          -2.788978292755928e-08
        ]
      ],
      "width": 0.06829655170440674,
      "height": 0.019999999552965164,
      "depth": 0.029999999329447746,
      "object_id": -1,
      "frame": "RealSense D455 aligned color camera frame",
      "rank": 48,
