{
  "success": true,
  "method": "graspnet_baseline_d455",
  "num_candidates": 152,
  "object_center_camera": [
    0.020757174336499786,
    -0.026220135324947436,
    0.46800002455711365
  ],
  "candidates": [
    {
      "score": 0.7887963056564331,
      "translation_camera": [
        0.059466611593961716,
        -0.056433387100696564,
        0.46400001645088196
      ],
      "rotation_matrix_camera": [
        [
          0.6540746092796326,
          0.42825940251350403,
          -0.6235225796699524
        ],
        [
          -0.309978187084198,
          0.9036558270454407,
          0.2954990267753601
        ],
        [
          0.690000057220459,
          0.0,
          0.7238094210624695
        ]
      ],
      "width": 0.08410553634166718,
      "height": 0.019999999552965164,
      "depth": 0.029999999329447746,
      "object_id": -1,
      "frame": "RealSense D455 aligned color camera frame",
      "rank": 0,
      "distance_to_object_center": 0.04926724246904944
    },
    {
      "score": 0.7407438158988953,
      "translation_camera": [
        0.06040771305561066,
        -0.05858774483203888,
        0.4620000422000885
      ],
      "rotation_matrix_camera": [
        [
          0.6540746092796326,
          0.42825940251350403,
          -0.6235225796699524
        ],
        [
          -0.309978187084198,
          0.9036558270454407,
          0.2954990267753601
        ],
        [
          0.690000057220459,
          0.0,
          0.7238094210624695
        ]
      ],
      "width": 0.08450905978679657,
      "height": 0.019999999552965164,
      "depth": 0.029999999329447746,
      "object_id": -1,
      "frame": "RealSense D455 aligned color camera frame",
      "rank": 1,
      "distance_to_object_center": 0.05153471795017296
    },
    {
      "score": 0.6205535531044006,
      "translation_camera": [
        0.058515146374702454,
        -0.05425827577710152,
        0.4660000205039978
      ],
      "rotation_matrix_camera": [
        [
          0.6540746092796326,
          0.42825940251350403,
          -0.6235225796699524
        ],
        [
          -0.309978187084198,
          0.9036558270454407,
          0.2954990267753601
        ],
        [
          0.690000057220459,
          0.0,
          0.7238094210624695
        ]
      ],
      "width": 0.08367890864610672,
      "height": 0.019999999552965164,
      "depth": 0.029999999329447746,
      "object_id": -1,
      "frame": "RealSense D455 aligned color camera frame",
      "rank": 2,
      "distance_to_object_center": 0.04707230383850883
    },
    {
      "score": 0.416090726852417,
      "translation_camera": [
        0.06280255317687988,
        -0.06578054279088974,
        0.4620000422000885
      ],
      "rotation_matrix_camera": [
        [
          0.6540746092796326,
          0.42825940251350403,
          -0.6235225796699524
        ],
        [
          -0.309978187084198,
          0.9036558270454407,
          0.2954990267753601
        ],
        [
          0.690000057220459,
          0.0,
          0.7238094210624695
        ]
      ],
      "width": 0.08260482549667358,
      "height": 0.019999999552965164,
      "depth": 0.019999999552965164,
      "object_id": -1,
      "frame": "RealSense D455 aligned color camera frame",
      "rank": 3,
      "distance_to_object_center": 0.05804170491109887
    },
    {
      "score": 0.39020901918411255,
      "translation_camera": [
        0.0698355883359909,
        -0.06563816219568253,
        0.4610000252723694
      ],
      "rotation_matrix_camera": [
        [
          0.6660667061805725,
          0.09228428453207016,
          -0.7401613593101501
        ],
        [
          -0.06173091381788254,
          0.9957327246665955,
          0.06859798729419708
        ],
        [
          0.7433333396911621,
          0.0,
          0.6689212322235107
        ]
      ],
      "width": 0.08377765864133835,
      "height": 0.019999999552965164,
      "depth": 0.019999999552965164,
      "object_id": -1,
      "frame": "RealSense D455 aligned color camera frame",
      "rank": 4,
      "distance_to_object_center": 0.06333617886385205
    },
    {
      "score": 0.38947468996047974,
      "translation_camera": [
        0.025682523846626282,
        0.030123479664325714,
        0.4620000422000885
      ],
      "rotation_matrix_camera": [
        [
          0.4980229139328003,
          -0.6140506863594055,
          -0.6123030185699463
        ],
        [
          -0.3856969475746155,
          0.47555533051490784,
          -0.790623128414154
        ],
        [
          0.7766667008399963,
          0.6299118399620056,
          -2.7534321489497415e-08
        ]
      ],
      "width": 0.0665087103843689,
      "height": 0.019999999552965164,
      "depth": 0.019999999552965164,
      "object_id": -1,
      "frame": "RealSense D455 aligned color camera frame",
      "rank": 5,
      "distance_to_object_center": 0.056875845542206774
    },
    {
      "score": 0.37757331132888794,
      "translation_camera": [
        0.011362455785274506,
        0.029049893841147423,
        0.46400001645088196
      ],
      "rotation_matrix_camera": [
        [
          0.4980229139328003,
          -0.6140506863594055,
          -0.6123030185699463
        ],
        [
          -0.3856969475746155,
          0.47555533051490784,
          -0.790623128414154
        ],
        [
          0.7766667008399963,
          0.6299118399620056,
          -2.7534321489497415e-08
        ]
      ],
      "width": 0.0646604597568512,
      "height": 0.019999999552965164,
      "depth": 0.019999999552965164,
      "object_id": -1,
      "frame": "RealSense D455 aligned color camera frame",
      "rank": 6,
      "distance_to_object_center": 0.05620531047443499
    },
    {
      "score": 0.3767549693584442,
      "translation_camera": [
        0.02089284360408783,
        0.027725879102945328,
        0.4620000422000885
      ],
      "rotation_matrix_camera": [
        [
          0.4980229139328003,
          -0.6140506863594055,
          -0.6123030185699463
        ],
        [
          -0.3856969475746155,
          0.47555533051490784,
          -0.790623128414154
        ],
        [
          0.7766667008399963,
          0.6299118399620056,
          -2.7534321489497415e-08
        ]
      ],
      "width": 0.0654195249080658,
      "height": 0.019999999552965164,
      "depth": 0.019999999552965164,
      "object_id": -1,
      "frame": "RealSense D455 aligned color camera frame",
      "rank": 7,
      "distance_to_object_center": 0.05427882337605703
    },
    {
      "score": 0.36983394622802734,
      "translation_camera": [
        0.016138017177581787,
        0.030188681557774544,
        0.46300002932548523
      ],
      "rotation_matrix_camera": [
        [
          0.4980229139328003,
          -0.6140506863594055,
          -0.6123030185699463
        ],
        [
          -0.3856969475746155,
          0.47555533051490784,
          -0.790623128414154
        ],
        [
          0.7766667008399963,
          0.6299118399620056,
          -2.7534321489497415e-08
        ]
      ],
      "width": 0.06546298414468765,
      "height": 0.019999999552965164,
      "depth": 0.019999999552965164,
      "object_id": -1,
      "frame": "RealSense D455 aligned color camera frame",
      "rank": 8,
      "distance_to_object_center": 0.05681805335704093
    },
    {
      "score": 0.36456191539764404,
      "translation_camera": [
        0.022090263664722443,
        0.0409126840531826,
        0.4620000422000885
      ],
      "rotation_matrix_camera": [
        [
          0.4980229139328003,
          -0.6140506863594055,
          -0.6123030185699463
        ],
        [
          -0.3856969475746155,
          0.47555533051490784,
          -0.790623128414154
        ],
        [
          0.7766667008399963,
          0.6299118399620056,
          -2.7534321489497415e-08
        ]
      ],
      "width": 0.06748571246862411,
      "height": 0.019999999552965164,
      "depth": 0.019999999552965164,
      "object_id": -1,
      "frame": "RealSense D455 aligned color camera frame",
      "rank": 9,
      "distance_to_object_center": 0.06741359175343105
    },
    {
      "score": 0.36217156052589417,
      "translation_camera": [
        0.030406247824430466,
        0.02886207029223442,
        0.4610000252723694
      ],
      "rotation_matrix_camera": [
        [
          0.4980229139328003,
          -0.6140506863594055,
          -0.6123030185699463
        ],
        [
          -0.3856969475746155,
          0.47555533051490784,
          -0.790623128414154
        ],
        [
          0.7766667008399963,
          0.6299118399620056,
          -2.7534321489497415e-08
        ]
      ],
      "width": 0.06678596884012222,
      "height": 0.019999999552965164,
      "depth": 0.019999999552965164,
      "object_id": -1,
      "frame": "RealSense D455 aligned color camera frame",
      "rank": 10,
      "distance_to_object_center": 0.05635737737701611
    },
    {
      "score": 0.36032289266586304,
      "translation_camera": [
        0.06625109910964966,
        -0.06683436781167984,
        0.4610000252723694
      ],
      "rotation_matrix_camera": [
        [
          0.6540746092796326,
          0.42825940251350403,
          -0.6235225796699524
        ],
        [
          -0.309978187084198,
          0.9036558270454407,
          0.2954990267753601
        ],
        [
          0.690000057220459,
          0.0,
          0.7238094210624695
        ]
      ],
      "width": 0.08447619527578354,
      "height": 0.019999999552965164,
      "depth": 0.019999999552965164,
      "object_id": -1,
      "frame": "RealSense D455 aligned color camera frame",
      "rank": 11,
      "distance_to_object_center": 0.06138577246999331
    },
    {
      "score": 0.3553466796875,
      "translation_camera": [
        0.018578078597784042,
        0.032661862671375275,
        0.46400001645088196
      ],
      "rotation_matrix_camera": [
        [
          0.4980229139328003,
          -0.6140506863594055,
          -0.6123030185699463
        ],
        [
          -0.3856969475746155,
          0.47555533051490784,
          -0.790623128414154
        ],
        [
          0.7766667008399963,
          0.6299118399620056,
          -2.7534321489497415e-08
        ]
      ],
      "width": 0.06647161394357681,
      "height": 0.019999999552965164,
      "depth": 0.019999999552965164,
      "object_id": -1,
      "frame": "RealSense D455 aligned color camera frame",
      "rank": 12,
      "distance_to_object_center": 0.059057922509409014
    },
    {
      "score": 0.34768763184547424,
      "translation_camera": [
        0.025626933202147484,
        0.025273455306887627,
        0.4610000252723694
      ],
      "rotation_matrix_camera": [
        [
          0.4980229139328003,
          -0.6140506863594055,
          -0.6123030185699463
        ],
        [
          -0.3856969475746155,
          0.47555533051490784,
          -0.790623128414154
        ],
        [
          0.7766667008399963,
          0.6299118399620056,
          -2.7534321489497415e-08
        ]
      ],
      "width": 0.06533347070217133,
      "height": 0.019999999552965164,
      "depth": 0.019999999552965164,
      "object_id": -1,
      "frame": "RealSense D455 aligned color camera frame",
      "rank": 13,
      "distance_to_object_center": 0.05219486964783978
    },
    {
      "score": 0.3457096219062805,
      "translation_camera": [
        0.016103161498904228,
        0.02532827854156494,
        0.4620000422000885
      ],
      "rotation_matrix_camera": [
        [
          0.4980229139328003,
          -0.6140506863594055,
          -0.6123030185699463
        ],
        [
          -0.3856969475746155,
          0.47555533051490784,
          -0.790623128414154
        ],
        [
          0.7766667008399963,
          0.6299118399620056,
          -2.7534321489497415e-08
        ]
      ],
      "width": 0.06390287727117538,
      "height": 0.019999999552965164,
      "depth": 0.019999999552965164,
      "object_id": -1,
      "frame": "RealSense D455 aligned color camera frame",
      "rank": 14,
      "distance_to_object_center": 0.052104688809457095
    },
    {
      "score": 0.33266887068748474,
      "translation_camera": [
        0.01382700726389885,
        0.03280264884233475,
        0.4660000205039978
      ],
      "rotation_matrix_camera": [
        [
          0.4980229139328003,
          -0.6140506863594055,
          -0.6123030185699463
        ],
        [
          -0.3856969475746155,
          0.47555533051490784,
          -0.790623128414154
        ],
        [
          0.7766667008399963,
          0.6299118399620056,
          -2.7534321489497415e-08
        ]
      ],
      "width": 0.06676124781370163,
      "height": 0.019999999552965164,
      "depth": 0.019999999552965164,
      "object_id": -1,
      "frame": "RealSense D455 aligned color camera frame",
      "rank": 15,
      "distance_to_object_center": 0.05946188933026109
    },
    {
      "score": 0.3313067555427551,
      "translation_camera": [
        -0.004299011547118425,
        0.026814168319106102,
        0.4670000374317169
      ],
      "rotation_matrix_camera": [
        [
          0.4980229139328003,
          -0.6140506863594055,
          -0.6123030185699463
        ],
        [
          -0.3856969475746155,
          0.47555533051490784,
          -0.790623128414154
        ],
        [
          0.7766667008399963,
          0.6299118399620056,
          -2.7534321489497415e-08
        ]
      ],
      "width": 0.061976779252290726,
      "height": 0.019999999552965164,
      "depth": 0.019999999552965164,
      "object_id": -1,
      "frame": "RealSense D455 aligned color camera frame",
      "rank": 16,
      "distance_to_object_center": 0.0586638712351568
    },
    {
      "score": 0.32228177785873413,
      "translation_camera": [
        0.026647217571735382,
        0.04055846109986305,
        0.4580000340938568
      ],
      "rotation_matrix_camera": [
        [
          0.4980229139328003,
          -0.6140506863594055,
          -0.6123030185699463
        ],
        [
          -0.3856969475746155,
          0.47555533051490784,
          -0.790623128414154
        ],
        [
          0.7766667008399963,
          0.6299118399620056,
          -2.7534321489497415e-08
        ]
      ],
      "width": 0.06502058357000351,
      "height": 0.019999999552965164,
      "depth": 0.019999999552965164,
      "object_id": -1,
      "frame": "RealSense D455 aligned color camera frame",
      "rank": 17,
      "distance_to_object_center": 0.06777959397227078
    },
    {
      "score": 0.3177974820137024,
      "translation_camera": [
        0.04435595124959946,
        0.027425814419984818,
        0.4570000171661377
      ],
      "rotation_matrix_camera": [
        [
          0.4980229139328003,
          -0.6140506863594055,
          -0.6123030185699463
        ],
        [
          -0.3856969475746155,
          0.47555533051490784,
          -0.790623128414154
        ],
        [
          0.7766667008399963,
          0.6299118399620056,
          -2.7534321489497415e-08
        ]
      ],
      "width": 0.06538472324609756,
      "height": 0.019999999552965164,
      "depth": 0.019999999552965164,
      "object_id": -1,
      "frame": "RealSense D455 aligned color camera frame",
      "rank": 18,
      "distance_to_object_center": 0.05963044824946035
    },
    {
      "score": 0.3153151273727417,
      "translation_camera": [
        0.03606472536921501,
        0.02031085640192032,
        0.4570000171661377
      ],
      "rotation_matrix_camera": [
        [
          0.32332366704940796,
          -0.5531456470489502,
          -0.7677836418151855
        ],
        [
          -0.38744980096817017,
          0.6628532409667969,
          -0.6407091617584229
        ],
        [
          0.8633333444595337,
          0.5046340823173523,
          -2.2058255666479454e-08
        ]
      ],
      "width": 0.0678485706448555,
      "height": 0.019999999552965164,
      "depth": 0.019999999552965164,
      "object_id": -1,
      "frame": "RealSense D455 aligned color camera frame",
      "rank": 19,
      "distance_to_object_center": 0.05020412804049625
    },
    {
      "score": 0.30736106634140015,
      "translation_camera": [
        0.03488026186823845,
        0.023868335410952568,
        0.4570000171661377
      ],
      "rotation_matrix_camera": [
        [
          0.32332366704940796,
          -0.5531456470489502,
          -0.7677836418151855
        ],
        [
          -0.38744980096817017,
          0.6628532409667969,
          -0.6407091617584229
        ],
        [
          0.8633333444595337,
          0.5046340823173523,
          -2.2058255666479454e-08
        ]
      ],
      "width": 0.06957700848579407,
      "height": 0.019999999552965164,
      "depth": 0.019999999552965164,
      "object_id": -1,
      "frame": "RealSense D455 aligned color camera frame",
      "rank": 20,
      "distance_to_object_center": 0.053191321328688465
    },
    {
      "score": 0.30191677808761597,
      "translation_camera": [
        0.039531417191028595,
        0.02381610870361328,
        0.45600003004074097
      ],
      "rotation_matrix_camera": [
        [
          0.32332366704940796,
          -0.5531456470489502,
          -0.7677836418151855
        ],
        [
          -0.38744980096817017,
          0.6628532409667969,
          -0.6407091617584229
        ],
        [
          0.8633333444595337,
          0.5046340823173523,
          -2.2058255666479454e-08
        ]
      ],
      "width": 0.0683193951845169,
      "height": 0.019999999552965164,
      "depth": 0.019999999552965164,
      "object_id": -1,
      "frame": "RealSense D455 aligned color camera frame",
      "rank": 21,
      "distance_to_object_center": 0.05477314834514699
    },
    {
      "score": 0.3003228008747101,
      "translation_camera": [
        0.040802568197250366,
        0.027425814419984818,
        0.4570000171661377
      ],
      "rotation_matrix_camera": [
        [
          0.32332366704940796,
          -0.5531456470489502,
          -0.7677836418151855
        ],
        [
          -0.38744980096817017,
          0.6628532409667969,
          -0.6407091617584229
        ],
        [
          0.8633333444595337,
          0.5046340823173523,
          -2.2058255666479454e-08
        ]
      ],
      "width": 0.06936586648225784,
      "height": 0.019999999552965164,
      "depth": 0.019999999552965164,
      "object_id": -1,
      "frame": "RealSense D455 aligned color camera frame",
      "rank": 22,
      "distance_to_object_center": 0.058315571691186736
    },
    {
      "score": 0.2933727204799652,
      "translation_camera": [
        0.048986371606588364,
        0.013167024590075016,
        0.45600003004074097
      ],
      "rotation_matrix_camera": [
        [
          0.32332366704940796,
          -0.5531456470489502,
          -0.7677836418151855
        ],
        [
          -0.38744980096817017,
          0.6628532409667969,
          -0.6407091617584229
        ],
        [
          0.8633333444595337,
          0.5046340823173523,
          -2.2058255666479454e-08
        ]
      ],
      "width": 0.0665370300412178,
      "height": 0.019999999552965164,
      "depth": 0.019999999552965164,
      "object_id": -1,
      "frame": "RealSense D455 aligned color camera frame",
      "rank": 23,
      "distance_to_object_center": 0.0499222977543913
    },
    {
      "score": 0.29171299934387207,
      "translation_camera": [
        0.05379920080304146,
        -0.04468051716685295,
        0.4670000374317169
      ],
      "rotation_matrix_camera": [
        [
          0.4980229139328003,
          0.6123030185699463,
          -0.6140506863594055
        ],
        [
          -0.3856969475746155,
          0.790623128414154,
          0.4755553603172302
        ],
        [
          0.7766667008399963,
          0.0,
          0.6299118399620056
        ]
      ],
      "width": 0.08449432253837585,
      "height": 0.019999999552965164,
      "depth": 0.019999999552965164,
      "object_id": -1,
      "frame": "RealSense D455 aligned color camera frame",
      "rank": 24,
      "distance_to_object_center": 0.03786239803572344
    },
    {
      "score": 0.2908483147621155,
      "translation_camera": [
        0.052531979978084564,
        0.014350255951285362,
        0.45600003004074097
      ],
      "rotation_matrix_camera": [
        [
          0.32332366704940796,
          -0.5531456470489502,
          -0.7677836418151855
        ],
        [
          -0.38744980096817017,
          0.6628532409667969,
          -0.6407091617584229
        ],
        [
          0.8633333444595337,
          0.5046340823173523,
          -2.2058255666479454e-08
        ]
      ],
      "width": 0.06681250780820847,
      "height": 0.019999999552965164,
      "depth": 0.019999999552965164,
      "object_id": -1,
      "frame": "RealSense D455 aligned color camera frame",
      "rank": 25,
      "distance_to_object_center": 0.05291119721061023
    },
    {
      "score": 0.2879319190979004,
      "translation_camera": [
        0.014677290804684162,
        -0.11233073472976685,
        0.5420000553131104
      ],
      "rotation_matrix_camera": [
        [
          0.6265186071395874,
          -0.4565722942352295,
          -0.6316772699356079
        ],
        [
          0.32151898741722107,
          0.8896862864494324,
          -0.32416632771492004
        ],
        [
          0.7099999785423279,
          0.0,
          0.7042016983032227
        ]
      ],
      "width": 0.04805055260658264,
      "height": 0.019999999552965164,
      "depth": 0.009999999776482582,
      "object_id": -1,
      "frame": "RealSense D455 aligned color camera frame",
      "rank": 26,
      "distance_to_object_center": 0.11370138462440194
    },
    {
      "score": 0.28428390622138977,
      "translation_camera": [
        0.06830202788114548,
        0.04034913331270218,
        0.484000027179718
      ],
      "rotation_matrix_camera": [
        [
          -0.10681723058223724,
          0.00249303737655282,
          -0.9942755699157715
        ],
        [
          -0.9940048456192017,
          0.023199768736958504,
          0.10684632509946823
        ],
        [
          0.023333333432674408,
          0.9997277855873108,
          -4.3699490248627626e-08
        ]
      ],
      "width": 0.07247180491685867,
      "height": 0.019999999552965164,
      "depth": 0.019999999552965164,
      "object_id": -1,
      "frame": "RealSense D455 aligned color camera frame",
      "rank": 27,
      "distance_to_object_center": 0.0833545482229777
    },
    {
      "score": 0.28212621808052063,
      "translation_camera": [
        0.048986371606588364,
        0.02144964598119259,
        0.45600003004074097
      ],
      "rotation_matrix_camera": [
        [
          0.32332366704940796,
          -0.5531456470489502,
          -0.7677836418151855
        ],
        [
          -0.38744980096817017,
          0.6628532409667969,
          -0.6407091617584229
        ],
        [
          0.8633333444595337,
          0.5046340823173523,
          -2.2058255666479454e-08
        ]
      ],
      "width": 0.06748850643634796,
      "height": 0.019999999552965164,
      "depth": 0.019999999552965164,
      "object_id": -1,
      "frame": "RealSense D455 aligned color camera frame",
      "rank": 28,
      "distance_to_object_center": 0.05668593738028655
    },
    {
      "score": 0.2810558080673218,
      "translation_camera": [
        0.017260976135730743,
        -0.11504463106393814,
        0.5350000262260437
      ],
      "rotation_matrix_camera": [
        [
          0.6265186071395874,
          -0.4565722942352295,
          -0.6316772699356079
        ],
        [
          0.32151898741722107,
          0.8896862864494324,
          -0.32416632771492004
        ],
        [
          0.7099999785423279,
          0.0,
          0.7042016983032227
        ]
      ],
      "width": 0.0440630279481411,
      "height": 0.019999999552965164,
      "depth": 0.009999999776482582,
      "object_id": -1,
      "frame": "RealSense D455 aligned color camera frame",
      "rank": 29,
      "distance_to_object_center": 0.11131493461697611
    },
    {
      "score": 0.280428946018219,
      "translation_camera": [
        0.0501682423055172,
        0.017899950966238976,
        0.45600003004074097
      ],
      "rotation_matrix_camera": [
        [
          0.32332366704940796,
          -0.5531456470489502,
          -0.7677836418151855
        ],
        [
          -0.38744980096817017,
          0.6628532409667969,
          -0.6407091617584229
        ],
        [
          0.8633333444595337,
          0.5046340823173523,
          -2.2058255666479454e-08
        ]
      ],
      "width": 0.06735599040985107,
      "height": 0.019999999552965164,
      "depth": 0.019999999552965164,
      "object_id": -1,
      "frame": "RealSense D455 aligned color camera frame",
      "rank": 30,
      "distance_to_object_center": 0.05436536399043854
    },
    {
      "score": 0.2721771001815796,
      "translation_camera": [
        0.02771272324025631,
        0.04274781048297882,
        0.45600003004074097
      ],
      "rotation_matrix_camera": [
        [
          0.4980229139328003,
          -0.6140506863594055,
          -0.6123030185699463
        ],
        [
          -0.3856969475746155,
          0.47555533051490784,
          -0.790623128414154
        ],
        [
          0.7766667008399963,
          0.6299118399620056,
          -2.7534321489497415e-08
        ]
      ],
      "width": 0.06315303593873978,
      "height": 0.019999999552965164,
      "depth": 0.019999999552965164,
      "object_id": -1,
      "frame": "RealSense D455 aligned color camera frame",
      "rank": 31,
      "distance_to_object_center": 0.0703488242823615
    },
    {
      "score": 0.2721104323863983,
      "translation_camera": [
        0.03741220012307167,
        0.027545839548110962,
        0.45900002121925354
      ],
      "rotation_matrix_camera": [
        [
          0.32332366704940796,
          -0.5531456470489502,
          -0.7677836418151855
        ],
        [
          -0.38744980096817017,
          0.6628532409667969,
          -0.6407091617584229
        ],
        [
          0.8633333444595337,
          0.5046340823173523,
          -2.2058255666479454e-08
        ]
      ],
      "width": 0.06956174224615097,
      "height": 0.019999999552965164,
      "depth": 0.019999999552965164,
      "object_id": -1,
      "frame": "RealSense D455 aligned color camera frame",
      "rank": 32,
      "distance_to_object_center": 0.05700149119175054
    },
    {
      "score": 0.26281824707984924,
      "translation_camera": [
        0.041070420295000076,
        0.029993075877428055,
        0.46000003814697266
      ],
      "rotation_matrix_camera": [
        [
          0.32332366704940796,
          -0.5531456470489502,
          -0.7677836418151855
        ],
        [
          -0.38744980096817017,
          0.6628532409667969,
          -0.6407091617584229
        ],
        [
          0.8633333444595337,
          0.5046340823173523,
          -2.2058255666479454e-08
        ]
      ],
      "width": 0.06937894225120544,
      "height": 0.019999999552965164,
      "depth": 0.019999999552965164,
      "object_id": -1,
      "frame": "RealSense D455 aligned color camera frame",
      "rank": 33,
      "distance_to_object_center": 0.0603038378348828
    },
    {
      "score": 0.25013673305511475,
      "translation_camera": [
        0.05241677537560463,
        0.02140260487794876,
        0.45500001311302185
      ],
      "rotation_matrix_camera": [
        [
          0.32332366704940796,
          -0.5531456470489502,
          -0.7677836418151855
        ],
        [
          -0.38744980096817017,
          0.6628532409667969,
          -0.6407091617584229
        ],
        [
          0.8633333444595337,
          0.5046340823173523,
          -2.2058255666479454e-08
        ]
      ],
      "width": 0.07234231382608414,
      "height": 0.019999999552965164,
      "depth": 0.019999999552965164,
      "object_id": -1,
      "frame": "RealSense D455 aligned color camera frame",
      "rank": 34,
      "distance_to_object_center": 0.05864517047408381
    },
    {
      "score": 0.24809063971042633,
      "translation_camera": [
        0.03868594765663147,
        0.007314471993595362,
        0.46000003814697266
      ],
      "rotation_matrix_camera": [
        [
          0.4980229139328003,
          -0.6140506863594055,
          -0.6123030185699463
        ],
        [
          -0.3856969475746155,
          0.47555533051490784,
          -0.790623128414154
        ],
        [
          0.7766667008399963,
          0.6299118399620056,
          -2.7534321489497415e-08
        ]
      ],
      "width": 0.06410368531942368,
      "height": 0.019999999552965164,
      "depth": 0.019999999552965164,
      "object_id": -1,
      "frame": "RealSense D455 aligned color camera frame",
      "rank": 35,
      "distance_to_object_center": 0.03885885463232248
    },
    {
      "score": 0.24051448702812195,
      "translation_camera": [
        0.05595460906624794,
        0.013138148933649063,
        0.45500001311302185
      ],
      "rotation_matrix_camera": [
        [
          0.32332366704940796,
          -0.5531456470489502,
          -0.7677836418151855
        ],
        [
          -0.38744980096817017,
          0.6628532409667969,
          -0.6407091617584229
        ],
        [
          0.8633333444595337,
          0.5046340823173523,
          -2.2058255666479454e-08
        ]
      ],
      "width": 0.07298827916383743,
      "height": 0.019999999552965164,
      "depth": 0.019999999552965164,
      "object_id": -1,
      "frame": "RealSense D455 aligned color camera frame",
      "rank": 36,
      "distance_to_object_center": 0.05437769992268783
    },
    {
      "score": 0.24039879441261292,
      "translation_camera": [
        0.0501682423055172,
        0.024999339133501053,
        0.45600003004074097
      ],
      "rotation_matrix_camera": [
        [
          0.32332366704940796,
          -0.5531456470489502,
          -0.7677836418151855
        ],
        [
          -0.38744980096817017,
          0.6628532409667969,
          -0.6407091617584229
        ],
        [
          0.8633333444595337,
          0.5046340823173523,
          -2.2058255666479454e-08
        ]
      ],
      "width": 0.07138033956289291,
      "height": 0.019999999552965164,
      "depth": 0.019999999552965164,
      "object_id": -1,
      "frame": "RealSense D455 aligned color camera frame",
      "rank": 37,
      "distance_to_object_center": 0.06026977145527261
    },
    {
      "score": 0.23685351014137268,
      "translation_camera": [
        0.0639273151755333,
        -0.01983211748301983,
        0.4530000388622284
      ],
      "rotation_matrix_camera": [
        [
          0.32332366704940796,
          -0.5531456470489502,
          -0.7677836418151855
        ],
        [
          -0.38744980096817017,
          0.6628532409667969,
          -0.6407091617584229
        ],
        [
          0.8633333444595337,
          0.5046340823173523,
          -2.2058255666479454e-08
        ]
      ],
      "width": 0.07413574308156967,
      "height": 0.019999999552965164,
      "depth": 0.019999999552965164,
      "object_id": -1,
      "frame": "RealSense D455 aligned color camera frame",
      "rank": 38,
      "distance_to_object_center": 0.04614615263331859
    },
    {
      "score": 0.23314961791038513,
      "translation_camera": [
        0.06373864412307739,
        0.043569888919591904,
        0.4780000150203705
      ],
      "rotation_matrix_camera": [
        [
          0.7549206018447876,
          0.3393512964248657,
          -0.561191201210022
        ],
        [
          -0.511854350566864,
          -0.23008842766284943,
          -0.8276861906051636
        ],
        [
          -0.4099999964237213,
          0.9120855331420898,
          -3.986852448178979e-08
        ]
      ],
      "width": 0.06828485429286957,
      "height": 0.019999999552965164,
      "depth": 0.019999999552965164,
      "object_id": -1,
      "frame": "RealSense D455 aligned color camera frame",
      "rank": 39,
      "distance_to_object_center": 0.08257150863544338
    },
    {
      "score": 0.22635608911514282,
      "translation_camera": [
        0.05146271735429764,
        0.00845259428024292,
        0.4570000171661377
      ],
      "rotation_matrix_camera": [
        [
          0.32332366704940796,
          -0.5531456470489502,
          -0.7677836418151855
        ],
        [
          -0.38744980096817017,
          0.6628532409667969,
          -0.6407091617584229
        ],
        [
          0.8633333444595337,
          0.5046340823173523,
          -2.2058255666479454e-08
        ]
      ],
      "width": 0.0728396624326706,
      "height": 0.019999999552965164,
      "depth": 0.019999999552965164,
      "object_id": -1,
      "frame": "RealSense D455 aligned color camera frame",
      "rank": 40,
      "distance_to_object_center": 0.0476028225307492
    },
    {
      "score": 0.21739594638347626,
      "translation_camera": [
        0.0364593081176281,
        0.042111482471227646,
        0.4620000422000885
      ],
      "rotation_matrix_camera": [
        [
          0.34578391909599304,
          -0.7931103110313416,
          -0.5014075636863708
        ],
        [
          -0.2003888636827469,
          0.45962363481521606,
          -0.8652112483978271
        ],
        [
          0.9166666865348816,
          0.3996526300907135,
          -1.7469371726974714e-08
        ]
      ],
      "width": 0.06903761625289917,
      "height": 0.019999999552965164,
      "depth": 0.019999999552965164,
      "object_id": -1,
      "frame": "RealSense D455 aligned color camera frame",
      "rank": 41,
      "distance_to_object_center": 0.07036879126578498
    },
    {
      "score": 0.2143099308013916,
      "translation_camera": [
        0.05170849338173866,
        0.0416211262345314,
        0.4700000286102295
      ],
      "rotation_matrix_camera": [
        [
          0.4980229139328003,
          -0.6140506863594055,
          -0.6123030185699463
        ],
        [
          -0.3856969475746155,
          0.47555533051490784,
          -0.790623128414154
        ],
        [
          0.7766667008399963,
          0.6299118399620056,
          -2.7534321489497415e-08
        ]
      ],
      "width": 0.06902221590280533,
      "height": 0.019999999552965164,
      "depth": 0.019999999552965164,
      "object_id": -1,
      "frame": "RealSense D455 aligned color camera frame",
      "rank": 42,
      "distance_to_object_center": 0.07459504632905771
    },
    {
      "score": 0.20261527597904205,
      "translation_camera": [
        0.02093806490302086,
        -0.021471308544278145,
        0.46300002932548523
      ],
      "rotation_matrix_camera": [
        [
          0.4980229139328003,
          -0.6140506863594055,
          -0.6123030185699463
        ],
        [
          -0.3856969475746155,
          0.47555533051490784,
          -0.790623128414154
        ],
        [
          0.7766667008399963,
          0.6299118399620056,
          -2.7534321489497415e-08
        ]
      ],
      "width": 0.05931409075856209,
      "height": 0.019999999552965164,
      "depth": 0.019999999552965164,
      "object_id": -1,
      "frame": "RealSense D455 aligned color camera frame",
      "rank": 43,
      "distance_to_object_center": 0.006898117823447574
    },
    {
      "score": 0.2011386752128601,
      "translation_camera": [
        -0.003260590136051178,
        -0.09705841541290283,
        0.4930000305175781
      ],
      "rotation_matrix_camera": [
        [
          0.32332366704940796,
          -0.5531456470489502,
          -0.7677836418151855
        ],
        [
          -0.38744980096817017,
          0.6628532409667969,
          -0.6407091617584229
        ],
        [
          0.8633333444595337,
          0.5046340823173523,
          -2.2058255666479454e-08
        ]
      ],
      "width": 0.07618406414985657,
      "height": 0.019999999552965164,
      "depth": 0.029999999329447746,
      "object_id": -1,
      "frame": "RealSense D455 aligned color camera frame",
      "rank": 44,
      "distance_to_object_center": 0.07886643921277167
    },
    {
      "score": 0.19183628261089325,
      "translation_camera": [
        0.066909059882164,
        0.044025640934705734,
        0.4830000400543213
      ],
      "rotation_matrix_camera": [
        [
          0.7549206018447876,
          0.3393512964248657,
          -0.561191201210022
        ],
        [
          -0.511854350566864,
          -0.23008842766284943,
          -0.8276861906051636
        ],
        [
          -0.4099999964237213,
          0.9120855331420898,
          -3.986852448178979e-08
        ]
      ],
      "width": 0.0687018483877182,
      "height": 0.019999999552965164,
      "depth": 0.019999999552965164,
      "object_id": -1,
      "frame": "RealSense D455 aligned color camera frame",
      "rank": 45,
      "distance_to_object_center": 0.08537837013352861
    },
    {
      "score": 0.191104918718338,
      "translation_camera": [
        0.04573971405625343,
        0.0037255228962749243,
        0.45900002121925354
      ],
      "rotation_matrix_camera": [
        [
          0.4980229139328003,
          -0.6140506863594055,
          -0.6123030185699463
        ],
        [
          -0.3856969475746155,
          0.47555533051490784,
          -0.790623128414154
        ],
        [
          0.7766667008399963,
          0.6299118399620056,
          -2.7534321489497415e-08
        ]
      ],
      "width": 0.06328892707824707,
      "height": 0.019999999552965164,
      "depth": 0.019999999552965164,
      "object_id": -1,
      "frame": "RealSense D455 aligned color camera frame",
      "rank": 46,
      "distance_to_object_center": 0.04002336564099556
    },
    {
      "score": 0.18982744216918945,
      "translation_camera": [
        0.030472205951809883,
        -0.023822534829378128,
        0.4620000422000885
      ],
      "rotation_matrix_camera": [
        [
          0.4980229139328003,
          -0.6140506863594055,
          -0.6123030185699463
        ],
        [
          -0.3856969475746155,
          0.47555533051490784,
          -0.790623128414154
        ],
        [
          0.7766667008399963,
          0.6299118399620056,
          -2.7534321489497415e-08
        ]
      ],
      "width": 0.0615217424929142,
      "height": 0.019999999552965164,
      "depth": 0.019999999552965164,
      "object_id": -1,
      "frame": "RealSense D455 aligned color camera frame",
      "rank": 47,
      "distance_to_object_center": 0.011667481120937883
    },
    {
      "score": 0.18893666565418243,
      "translation_camera": [
        0.06907814741134644,
        -0.031795769929885864,
        0.45600003004074097
      ],
      "rotation_matrix_camera": [
        [
          0.32332366704940796,
          0.5984574556350708,
          -0.7330145835876465
        ],
        [
          -0.38744980096817017,
          0.7904365658760071,
          0.4744393229484558
        ],
        [
          0.8633333444595337,
          0.1306089162826538,
