{
  "success": true,
  "method": "graspnet_baseline_d455",
  "num_candidates": 369,
  "object_center_camera": [
    -0.01650817637028343,
    -0.12198829129302759,
    0.4530000388622284
  ],
  "candidates": [
    {
      "score": 0.3005482852458954,
      "translation_camera": [
        -0.020076842978596687,
        -0.058134254068136215,
        0.46800002455711365
      ],
      "rotation_matrix_camera": [
        [
          0.8544597029685974,
          0.03706137463450432,
          -0.5181940793991089
        ],
        [
          -0.517707347869873,
          -0.022455113008618355,
          -0.8552629947662354
        ],
        [
          -0.04333333298563957,
          0.9990606307983398,
          -4.367032602203835e-08
        ]
      ],
      "width": 0.07211073487997055,
      "height": 0.019999999552965164,
      "depth": 0.019999999552965164,
      "object_id": -1,
      "frame": "RealSense D455 aligned color camera frame",
      "rank": 0,
      "distance_to_object_center": 0.06568921541718903
    },
    {
      "score": 0.2866833508014679,
      "translation_camera": [
        0.005268733948469162,
        -0.12198828905820847,
        0.4570000171661377
      ],
      "rotation_matrix_camera": [
        [
          -0.22638584673404694,
          0.536728024482727,
          0.8128176331520081
        ],
        [
          -0.14400814473628998,
          -0.843755304813385,
          0.5170480012893677
        ],
        [
          0.9633333683013916,
          0.0,
          0.26830747723579407
        ]
      ],
      "width": 0.08278203010559082,
      "height": 0.019999999552965164,
      "depth": 0.029999999329447746,
      "object_id": -1,
      "frame": "RealSense D455 aligned color camera frame",
      "rank": 1,
      "distance_to_object_center": 0.022141220595593713
    },
    {
      "score": 0.2819596529006958,
      "translation_camera": [
        -0.005297037307173014,
        -0.14664939045906067,
        0.4490000307559967
      ],
      "rotation_matrix_camera": [
        [
          -0.4467552900314331,
          -0.1930502951145172,
          -0.8735795617103577
        ],
        [
          -0.8019134998321533,
          -0.3465198576450348,
          0.4866813123226166
        ],
        [
          -0.39666667580604553,
          0.9179626703262329,
          -4.0125421207903855e-08
        ]
      ],
      "width": 0.07222003489732742,
      "height": 0.019999999552965164,
      "depth": 0.019999999552965164,
      "object_id": -1,
      "frame": "RealSense D455 aligned color camera frame",
      "rank": 2,
      "distance_to_object_center": 0.027383562880298046
    },
    {
      "score": 0.27579885721206665,
      "translation_camera": [
        -0.007590528577566147,
        -0.14367641508579254,
        0.44700002670288086
      ],
      "rotation_matrix_camera": [
        [
          -0.4467552900314331,
          -0.1930502951145172,
          -0.8735795617103577
        ],
        [
          -0.8019134998321533,
          -0.3465198576450348,
          0.4866813123226166
        ],
        [
          -0.39666667580604553,
          0.9179626703262329,
          -4.0125421207903855e-08
        ]
      ],
      "width": 0.06910818815231323,
      "height": 0.019999999552965164,
      "depth": 0.019999999552965164,
      "object_id": -1,
      "frame": "RealSense D455 aligned color camera frame",
      "rank": 3,
      "distance_to_object_center": 0.02420535688060746
    },
    {
      "score": 0.275323748588562,
      "translation_camera": [
        0.008880031295120716,
        -0.09056160598993301,
        0.46000003814697266
      ],
      "rotation_matrix_camera": [
        [
          0.8544597029685974,
          0.03706137463450432,
          -0.5181940793991089
        ],
        [
          -0.517707347869873,
          -0.022455113008618355,
          -0.8552629947662354
        ],
        [
          -0.04333333298563957,
          0.9990606307983398,
          -4.367032602203835e-08
        ]
      ],
      "width": 0.06634200364351273,
      "height": 0.019999999552965164,
      "depth": 0.019999999552965164,
      "object_id": -1,
      "frame": "RealSense D455 aligned color camera frame",
      "rank": 4,
      "distance_to_object_center": 0.04100241002170295
    },
    {
      "score": 0.27499663829803467,
      "translation_camera": [
        -0.002976197749376297,
        -0.14814366400241852,
        0.45000001788139343
      ],
      "rotation_matrix_camera": [
        [
          -0.4467552900314331,
          -0.1930502951145172,
          -0.8735795617103577
        ],
        [
          -0.8019134998321533,
          -0.3465198576450348,
          0.4866813123226166
        ],
        [
          -0.39666667580604553,
          0.9179626703262329,
          -4.0125421207903855e-08
        ]
      ],
      "width": 0.07418438792228699,
      "height": 0.019999999552965164,
      "depth": 0.019999999552965164,
      "object_id": -1,
      "frame": "RealSense D455 aligned color camera frame",
      "rank": 5,
      "distance_to_object_center": 0.02960098128186445
    },
    {
      "score": 0.273232102394104,
      "translation_camera": [
        0.005257205106317997,
        -0.15485183894634247,
        0.45600003004074097
      ],
      "rotation_matrix_camera": [
        [
          -0.4467552900314331,
          -0.1930502951145172,
          -0.8735795617103577
        ],
        [
          -0.8019134998321533,
          -0.3465198576450348,
          0.4866813123226166
        ],
        [
          -0.39666667580604553,
          0.9179626703262329,
          -4.0125421207903855e-08
        ]
      ],
      "width": 0.07297997921705246,
      "height": 0.019999999552965164,
      "depth": 0.019999999552965164,
      "object_id": -1,
      "frame": "RealSense D455 aligned color camera frame",
      "rank": 6,
      "distance_to_object_center": 0.039531563873123406
    },
    {
      "score": 0.27152585983276367,
      "translation_camera": [
        -0.0006464211619459093,
        -0.14997492730617523,
        0.4520000219345093
      ],
      "rotation_matrix_camera": [
        [
          -0.4467552900314331,
          -0.1930502951145172,
          -0.8735795617103577
        ],
        [
          -0.8019134998321533,
          -0.3465198576450348,
          0.4866813123226166
        ],
        [
          -0.39666667580604553,
          0.9179626703262329,
          -4.0125421207903855e-08
        ]
      ],
      "width": 0.07536293566226959,
      "height": 0.019999999552965164,
      "depth": 0.019999999552965164,
      "object_id": -1,
      "frame": "RealSense D455 aligned color camera frame",
      "rank": 7,
      "distance_to_object_center": 0.03218457872145229
    },
    {
      "score": 0.27119114995002747,
      "translation_camera": [
        0.008899334818124771,
        -0.09195468574762344,
        0.4610000252723694
      ],
      "rotation_matrix_camera": [
        [
          0.8544597029685974,
          0.03706137463450432,
          -0.5181940793991089
        ],
        [
          -0.517707347869873,
          -0.022455113008618355,
          -0.8552629947662354
        ],
        [
          -0.04333333298563957,
          0.9990606307983398,
          -4.367032602203835e-08
        ]
      ],
      "width": 0.06598647683858871,
      "height": 0.019999999552965164,
      "depth": 0.019999999552965164,
      "object_id": -1,
      "frame": "RealSense D455 aligned color camera frame",
      "rank": 8,
      "distance_to_object_center": 0.04014422585389409
    },
    {
      "score": 0.26989051699638367,
      "translation_camera": [
        0.008880031295120716,
        -0.08817438781261444,
        0.46000003814697266
      ],
      "rotation_matrix_camera": [
        [
          0.8544597029685974,
          0.03706137463450432,
          -0.5181940793991089
        ],
        [
          -0.517707347869873,
          -0.022455113008618355,
          -0.8552629947662354
        ],
        [
          -0.04333333298563957,
          0.9990606307983398,
          -4.367032602203835e-08
        ]
      ],
      "width": 0.06866615265607834,
      "height": 0.019999999552965164,
      "depth": 0.019999999552965164,
      "object_id": -1,
      "frame": "RealSense D455 aligned color camera frame",
      "rank": 9,
      "distance_to_object_center": 0.04285955140958433
    },
    {
      "score": 0.2674691081047058,
      "translation_camera": [
        -0.009863285347819328,
        -0.11185696721076965,
        0.445000022649765
      ],
      "rotation_matrix_camera": [
        [
          -0.3535899221897125,
          -0.09390044957399368,
          -0.9306755065917969
        ],
        [
          -0.8994978666305542,
          -0.23887336254119873,
          0.36584576964378357
        ],
        [
          -0.2566666603088379,
          0.9664999842643738,
          -4.224705563160569e-08
        ]
      ],
      "width": 0.061328109353780746,
      "height": 0.019999999552965164,
      "depth": 0.019999999552965164,
      "object_id": -1,
      "frame": "RealSense D455 aligned color camera frame",
      "rank": 10,
      "distance_to_object_center": 0.014518903669349159
    },
    {
      "score": 0.26716601848602295,
      "translation_camera": [
        0.0076877945102751255,
        -0.08936799317598343,
        0.46000003814697266
      ],
      "rotation_matrix_camera": [
        [
          0.8544597029685974,
          0.03706137463450432,
          -0.5181940793991089
        ],
        [
          -0.517707347869873,
          -0.022455113008618355,
          -0.8552629947662354
        ],
        [
          -0.04333333298563957,
          0.9990606307983398,
          -4.367032602203835e-08
        ]
      ],
      "width": 0.06783196330070496,
      "height": 0.019999999552965164,
      "depth": 0.019999999552965164,
      "object_id": -1,
      "frame": "RealSense D455 aligned color camera frame",
      "rank": 11,
      "distance_to_object_center": 0.04121321203308585
    },
    {
      "score": 0.26702871918678284,
      "translation_camera": [
        0.006495557725429535,
        -0.09056160598993301,
        0.46000003814697266
      ],
      "rotation_matrix_camera": [
        [
          0.8544597029685974,
          0.03706137463450432,
          -0.5181940793991089
        ],
        [
          -0.517707347869873,
          -0.022455113008618355,
          -0.8552629947662354
        ],
        [
          -0.04333333298563957,
          0.9990606307983398,
          -4.367032602203835e-08
        ]
      ],
      "width": 0.06642709672451019,
      "height": 0.019999999552965164,
      "depth": 0.019999999552965164,
      "object_id": -1,
      "frame": "RealSense D455 aligned color camera frame",
      "rank": 12,
      "distance_to_object_center": 0.039570295948759694
    },
    {
      "score": 0.25865352153778076,
      "translation_camera": [
        -0.0006478513241745532,
        -0.1526576429605484,
        0.4530000388622284
      ],
      "rotation_matrix_camera": [
        [
          -0.4467552900314331,
          -0.1930502951145172,
          -0.8735795617103577
        ],
        [
          -0.8019134998321533,
          -0.3465198576450348,
          0.4866813123226166
        ],
        [
          -0.39666667580604553,
          0.9179626703262329,
          -4.0125421207903855e-08
        ]
      ],
      "width": 0.07554856687784195,
      "height": 0.019999999552965164,
      "depth": 0.019999999552965164,
      "object_id": -1,
      "frame": "RealSense D455 aligned color camera frame",
      "rank": 13,
      "distance_to_object_center": 0.03452765619433631
    },
    {
      "score": 0.2580823302268982,
      "translation_camera": [
        -0.0018139013554900885,
        -0.15081338584423065,
        0.45100003480911255
      ],
      "rotation_matrix_camera": [
        [
          -0.4467552900314331,
          -0.1930502951145172,
          -0.8735795617103577
        ],
        [
          -0.8019134998321533,
          -0.3465198576450348,
          0.4866813123226166
        ],
        [
          -0.39666667580604553,
          0.9179626703262329,
          -4.0125421207903855e-08
        ]
      ],
      "width": 0.0744091123342514,
      "height": 0.019999999552965164,
      "depth": 0.019999999552965164,
      "object_id": -1,
      "frame": "RealSense D455 aligned color camera frame",
      "rank": 14,
      "distance_to_object_center": 0.032416165879213046
    },
    {
      "score": 0.2508505582809448,
      "translation_camera": [
        -0.013323362916707993,
        -0.11185696721076965,
        0.445000022649765
      ],
      "rotation_matrix_camera": [
        [
          -0.3535899221897125,
          -0.09390044957399368,
          -0.9306755065917969
        ],
        [
          -0.8994978666305542,
          -0.23887336254119873,
          0.36584576964378357
        ],
        [
          -0.2566666603088379,
          0.9664999842643738,
          -4.224705563160569e-08
        ]
      ],
      "width": 0.06304541230201721,
      "height": 0.019999999552965164,
      "depth": 0.019999999552965164,
      "object_id": -1,
      "frame": "RealSense D455 aligned color camera frame",
      "rank": 15,
      "distance_to_object_center": 0.01329612815046138
    },
    {
      "score": 0.2451542168855667,
      "translation_camera": [
        -0.007573547773063183,
        -0.11326561868190765,
        0.44600003957748413
      ],
      "rotation_matrix_camera": [
        [
          -0.3535899221897125,
          -0.09390044957399368,
          -0.9306755065917969
        ],
        [
          -0.8994978666305542,
          -0.23887336254119873,
          0.36584576964378357
        ],
        [
          -0.2566666603088379,
          0.9664999842643738,
          -4.224705563160569e-08
        ]
      ],
      "width": 0.060087900608778,
      "height": 0.019999999552965164,
      "depth": 0.019999999552965164,
      "object_id": -1,
      "frame": "RealSense D455 aligned color camera frame",
      "rank": 16,
      "distance_to_object_center": 0.014314768445122255
    },
    {
      "score": 0.24299755692481995,
      "translation_camera": [
        0.005257205106317997,
        -0.11935489624738693,
        0.45600003004074097
      ],
      "rotation_matrix_camera": [
        [
          -0.22638584673404694,
          0.536728024482727,
          0.8128176331520081
        ],
        [
          -0.14400814473628998,
          -0.843755304813385,
          0.5170480012893677
        ],
        [
          0.9633333683013916,
          0.0,
          0.26830747723579407
        ]
      ],
      "width": 0.08343581110239029,
      "height": 0.019999999552965164,
      "depth": 0.029999999329447746,
      "object_id": -1,
      "frame": "RealSense D455 aligned color camera frame",
      "rank": 17,
      "distance_to_object_center": 0.022128410411946502
    },
    {
      "score": 0.24001669883728027,
      "translation_camera": [
        -0.006475152913480997,
        -0.1516466587781906,
        0.45000001788139343
      ],
      "rotation_matrix_camera": [
        [
          -0.4467552900314331,
          -0.1930502951145172,
          -0.8735795617103577
        ],
        [
          -0.8019134998321533,
          -0.3465198576450348,
          0.4866813123226166
        ],
        [
          -0.39666667580604553,
          0.9179626703262329,
          -4.0125421207903855e-08
        ]
      ],
      "width": 0.07378692179918289,
      "height": 0.019999999552965164,
      "depth": 0.019999999552965164,
      "object_id": -1,
      "frame": "RealSense D455 aligned color camera frame",
      "rank": 18,
      "distance_to_object_center": 0.031452828926110496
    },
    {
      "score": 0.23989790678024292,
      "translation_camera": [
        -0.008807789534330368,
        -0.1516466587781906,
        0.45000001788139343
      ],
      "rotation_matrix_camera": [
        [
          -0.4467552900314331,
          -0.1930502951145172,
          -0.8735795617103577
        ],
        [
          -0.8019134998321533,
          -0.3465198576450348,
          0.4866813123226166
        ],
        [
          -0.39666667580604553,
          0.9179626703262329,
          -4.0125421207903855e-08
        ]
      ],
      "width": 0.07227253168821335,
      "height": 0.019999999552965164,
      "depth": 0.019999999552965164,
      "object_id": -1,
      "frame": "RealSense D455 aligned color camera frame",
      "rank": 19,
      "distance_to_object_center": 0.03078822575585908
    },
    {
      "score": 0.22811979055404663,
      "translation_camera": [
        0.00171159696765244,
        -0.15603508055210114,
        0.45600003004074097
      ],
      "rotation_matrix_camera": [
        [
          -0.3535899221897125,
          -0.09390044957399368,
          -0.9306755065917969
        ],
        [
          -0.8994978666305542,
          -0.23887336254119873,
          0.36584576964378357
        ],
        [
          -0.2566666603088379,
          0.9664999842643738,
          -4.224705563160569e-08
        ]
      ],
      "width": 0.07087428122758865,
      "height": 0.019999999552965164,
      "depth": 0.019999999552965164,
      "object_id": -1,
      "frame": "RealSense D455 aligned color camera frame",
      "rank": 20,
      "distance_to_object_center": 0.03873169175763793
    },
    {
      "score": 0.22793251276016235,
      "translation_camera": [
        -0.006475152913480997,
        -0.14931133389472961,
        0.45000001788139343
      ],
      "rotation_matrix_camera": [
        [
          -0.4467552900314331,
          -0.1930502951145172,
          -0.8735795617103577
        ],
        [
          -0.8019134998321533,
          -0.3465198576450348,
          0.4866813123226166
        ],
        [
          -0.39666667580604553,
          0.9179626703262329,
          -4.0125421207903855e-08
        ]
      ],
      "width": 0.0721396654844284,
      "height": 0.019999999552965164,
      "depth": 0.019999999552965164,
      "object_id": -1,
      "frame": "RealSense D455 aligned color camera frame",
      "rank": 21,
      "distance_to_object_center": 0.02926107213662243
    },
    {
      "score": 0.22427991032600403,
      "translation_camera": [
        0.0005355360335670412,
        -0.07760021835565567,
        0.4610000252723694
      ],
      "rotation_matrix_camera": [
        [
          0.8544597029685974,
          0.03706137463450432,
          -0.5181940793991089
        ],
        [
          -0.517707347869873,
          -0.022455113008618355,
          -0.8552629947662354
        ],
        [
          -0.04333333298563957,
          0.9990606307983398,
          -4.367032602203835e-08
        ]
      ],
      "width": 0.06773291528224945,
      "height": 0.019999999552965164,
      "depth": 0.019999999552965164,
      "object_id": -1,
      "frame": "RealSense D455 aligned color camera frame",
      "rank": 22,
      "distance_to_object_center": 0.048216065104496615
    },
    {
      "score": 0.2228570133447647,
      "translation_camera": [
        0.004111084155738354,
        -0.08101271837949753,
        0.46000003814697266
      ],
      "rotation_matrix_camera": [
        [
          0.8544597029685974,
          0.03706137463450432,
          -0.5181940793991089
        ],
        [
          -0.517707347869873,
          -0.022455113008618355,
          -0.8552629947662354
        ],
        [
          -0.04333333298563957,
          0.9990606307983398,
          -4.367032602203835e-08
        ]
      ],
      "width": 0.06520804762840271,
      "height": 0.019999999552965164,
      "depth": 0.019999999552965164,
      "object_id": -1,
      "frame": "RealSense D455 aligned color camera frame",
      "rank": 23,
      "distance_to_object_center": 0.04640206321079267
    },
    {
      "score": 0.22240586578845978,
      "translation_camera": [
        -0.007573547773063183,
        -0.11095105111598969,
        0.44600003957748413
      ],
      "rotation_matrix_camera": [
        [
          -0.3535899221897125,
          -0.09390044957399368,
          -0.9306755065917969
        ],
        [
          -0.8994978666305542,
          -0.23887336254119873,
          0.36584576964378357
        ],
        [
          -0.2566666603088379,
          0.9664999842643738,
          -4.224705563160569e-08
        ]
      ],
      "width": 0.06050148978829384,
      "height": 0.019999999552965164,
      "depth": 0.019999999552965164,
      "object_id": -1,
      "frame": "RealSense D455 aligned color camera frame",
      "rank": 24,
      "distance_to_object_center": 0.01583187445889796
    },
    {
      "score": 0.22229687869548798,
      "translation_camera": [
        -0.004151721950620413,
        -0.15081338584423065,
        0.45100003480911255
      ],
      "rotation_matrix_camera": [
        [
          -0.4467552900314331,
          -0.1930502951145172,
          -0.8735795617103577
        ],
        [
          -0.8019134998321533,
          -0.3465198576450348,
          0.4866813123226166
        ],
        [
          -0.39666667580604553,
          0.9179626703262329,
          -4.0125421207903855e-08
        ]
      ],
      "width": 0.07412420213222504,
      "height": 0.019999999552965164,
      "depth": 0.019999999552965164,
      "object_id": -1,
      "frame": "RealSense D455 aligned color camera frame",
      "rank": 25,
      "distance_to_object_center": 0.03142559558581963
    },
    {
      "score": 0.22088879346847534,
      "translation_camera": [
        0.0017266110517084599,
        -0.07981911301612854,
        0.46000003814697266
      ],
      "rotation_matrix_camera": [
        [
          0.8544597029685974,
          0.03706137463450432,
          -0.5181940793991089
        ],
        [
          -0.517707347869873,
          -0.022455113008618355,
          -0.8552629947662354
        ],
        [
          -0.04333333298563957,
          0.9990606307983398,
          -4.367032602203835e-08
        ]
      ],
      "width": 0.06718482077121735,
      "height": 0.019999999552965164,
      "depth": 0.019999999552965164,
      "object_id": -1,
      "frame": "RealSense D455 aligned color camera frame",
      "rank": 26,
      "distance_to_object_center": 0.04647307886142846
    },
    {
      "score": 0.22084815800189972,
      "translation_camera": [
        0.002912502270191908,
        -0.0820276215672493,
        0.45900002121925354
      ],
      "rotation_matrix_camera": [
        [
          0.8544597029685974,
          0.03706137463450432,
          -0.5181940793991089
        ],
        [
          -0.517707347869873,
          -0.022455113008618355,
          -0.8552629947662354
        ],
        [
          -0.04333333298563957,
          0.9990606307983398,
          -4.367032602203835e-08
        ]
      ],
      "width": 0.06679979711771011,
      "height": 0.019999999552965164,
      "depth": 0.019999999552965164,
      "object_id": -1,
      "frame": "RealSense D455 aligned color camera frame",
      "rank": 27,
      "distance_to_object_center": 0.044833220630175134
    },
    {
      "score": 0.2193334698677063,
      "translation_camera": [
        -0.0076584527269005775,
        -0.1531539112329483,
        0.45100003480911255
      ],
      "rotation_matrix_camera": [
        [
          -0.4467552900314331,
          -0.1930502951145172,
          -0.8735795617103577
        ],
        [
          -0.8019134998321533,
          -0.3465198576450348,
          0.4866813123226166
        ],
        [
          -0.39666667580604553,
          0.9179626703262329,
          -4.0125421207903855e-08
        ]
      ],
      "width": 0.07289116829633713,
      "height": 0.019999999552965164,
      "depth": 0.019999999552965164,
      "object_id": -1,
      "frame": "RealSense D455 aligned color camera frame",
      "rank": 28,
      "distance_to_object_center": 0.032459412980155894
    },
    {
      "score": 0.21807096898555756,
      "translation_camera": [
        0.005245675798505545,
        -0.14860907196998596,
        0.45500001311302185
      ],
      "rotation_matrix_camera": [
        [
          -0.4467552900314331,
          -0.1930502951145172,
          -0.8735795617103577
        ],
        [
          -0.8019134998321533,
          -0.3465198576450348,
          0.4866813123226166
        ],
        [
          -0.39666667580604553,
          0.9179626703262329,
          -4.0125421207903855e-08
        ]
      ],
      "width": 0.07571982592344284,
      "height": 0.019999999552965164,
      "depth": 0.019999999552965164,
      "object_id": -1,
      "frame": "RealSense D455 aligned color camera frame",
      "rank": 29,
      "distance_to_object_center": 0.03443683993975176
    },
    {
      "score": 0.2176816612482071,
      "translation_camera": [
        -0.004151721950620413,
        -0.1531539112329483,
        0.45100003480911255
      ],
      "rotation_matrix_camera": [
        [
          -0.4467552900314331,
          -0.1930502951145172,
          -0.8735795617103577
        ],
        [
          -0.8019134998321533,
          -0.3465198576450348,
          0.4866813123226166
        ],
        [
          -0.39666667580604553,
          0.9179626703262329,
          -4.0125421207903855e-08
        ]
      ],
      "width": 0.07479944825172424,
      "height": 0.019999999552965164,
      "depth": 0.019999999552965164,
      "object_id": -1,
      "frame": "RealSense D455 aligned color camera frame",
      "rank": 30,
      "distance_to_object_center": 0.03358538146690124
    },
    {
      "score": 0.21727575361728668,
      "translation_camera": [
        -0.0052734422497451305,
        -0.1135195717215538,
        0.44700002670288086
      ],
      "rotation_matrix_camera": [
        [
          -0.3535899221897125,
          -0.09390044957399368,
          -0.9306755065917969
        ],
        [
          -0.8994978666305542,
          -0.23887336254119873,
          0.36584576964378357
        ],
        [
          -0.2566666603088379,
          0.9664999842643738,
          -4.224705563160569e-08
        ]
      ],
      "width": 0.06090544909238815,
      "height": 0.019999999552965164,
      "depth": 0.019999999552965164,
      "object_id": -1,
      "frame": "RealSense D455 aligned color camera frame",
      "rank": 31,
      "distance_to_object_center": 0.015295051744004294
    },
    {
      "score": 0.21696868538856506,
      "translation_camera": [
        -0.0018179232720285654,
        -0.1534934937953949,
        0.4520000219345093
      ],
      "rotation_matrix_camera": [
        [
          -0.4467552900314331,
          -0.1930502951145172,
          -0.8735795617103577
        ],
        [
          -0.8019134998321533,
          -0.3465198576450348,
          0.4866813123226166
        ],
        [
          -0.39666667580604553,
          0.9179626703262329,
          -4.0125421207903855e-08
        ]
      ],
      "width": 0.07474782317876816,
      "height": 0.019999999552965164,
      "depth": 0.019999999552965164,
      "object_id": -1,
      "frame": "RealSense D455 aligned color camera frame",
      "rank": 32,
      "distance_to_object_center": 0.034776160723427804
    },
    {
      "score": 0.21623504161834717,
      "translation_camera": [
        0.005337907932698727,
        -0.0767354816198349,
        0.46300002932548523
      ],
      "rotation_matrix_camera": [
        [
          0.8544597029685974,
          0.03706137463450432,
          -0.5181940793991089
        ],
        [
          -0.517707347869873,
          -0.022455113008618355,
          -0.8552629947662354
        ],
        [
          -0.04333333298563957,
          0.9990606307983398,
          -4.367032602203835e-08
        ]
      ],
      "width": 0.06419249624013901,
      "height": 0.019999999552965164,
      "depth": 0.019999999552965164,
      "object_id": -1,
      "frame": "RealSense D455 aligned color camera frame",
      "rank": 33,
      "distance_to_object_center": 0.051235417359053806
    },
    {
      "score": 0.2145949900150299,
      "translation_camera": [
        0.004128958564251661,
        -0.07896734774112701,
        0.4620000422000885
      ],
      "rotation_matrix_camera": [
        [
          0.8544597029685974,
          0.03706137463450432,
          -0.5181940793991089
        ],
        [
          -0.517707347869873,
          -0.022455113008618355,
          -0.8552629947662354
        ],
        [
          -0.04333333298563957,
          0.9990606307983398,
          -4.367032602203835e-08
        ]
      ],
      "width": 0.06523130089044571,
      "height": 0.019999999552965164,
      "depth": 0.019999999552965164,
      "object_id": -1,
      "frame": "RealSense D455 aligned color camera frame",
      "rank": 34,
      "distance_to_object_center": 0.04855608079822255
    },
    {
      "score": 0.2136545479297638,
      "translation_camera": [
        0.008880031295120716,
        -0.09414243698120117,
        0.46000003814697266
      ],
      "rotation_matrix_camera": [
        [
          0.8544597029685974,
          0.03706137463450432,
          -0.5181940793991089
        ],
        [
          -0.517707347869873,
          -0.022455113008618355,
          -0.8552629947662354
        ],
        [
          -0.04333333298563957,
          0.9990606307983398,
          -4.367032602203835e-08
        ]
      ],
      "width": 0.06431268900632858,
      "height": 0.019999999552965164,
      "depth": 0.019999999552965164,
      "object_id": -1,
      "frame": "RealSense D455 aligned color camera frame",
      "rank": 35,
      "distance_to_object_center": 0.03832691848823184
    },
    {
      "score": 0.21326832473278046,
      "translation_camera": [
        0.007620943710207939,
        -0.15011891722679138,
        0.45600003004074097
      ],
      "rotation_matrix_camera": [
        [
          -0.4467552900314331,
          -0.1930502951145172,
          -0.8735795617103577
        ],
        [
          -0.8019134998321533,
          -0.3465198576450348,
          0.4866813123226166
        ],
        [
          -0.39666667580604553,
          0.9179626703262329,
          -4.0125421207903855e-08
        ]
      ],
      "width": 0.07612312585115433,
      "height": 0.019999999552965164,
      "depth": 0.019999999552965164,
      "object_id": -1,
      "frame": "RealSense D455 aligned color camera frame",
      "rank": 36,
      "distance_to_object_center": 0.037182610160601544
    },
    {
      "score": 0.21316859126091003,
      "translation_camera": [
        0.0005215958808548748,
        -0.13616378605365753,
        0.4490000307559967
      ],
      "rotation_matrix_camera": [
        [
          -0.4467552900314331,
          -0.1930502951145172,
          -0.8735795617103577
        ],
        [
          -0.8019134998321533,
          -0.3465198576450348,
          0.4866813123226166
        ],
        [
          -0.39666667580604553,
          0.9179626703262329,
          -4.0125421207903855e-08
        ]
      ],
      "width": 0.07101092487573624,
      "height": 0.019999999552965164,
      "depth": 0.029999999329447746,
      "object_id": -1,
      "frame": "RealSense D455 aligned color camera frame",
      "rank": 37,
      "distance_to_object_center": 0.022515724715944773
    },
    {
      "score": 0.2125912606716156,
      "translation_camera": [
        0.0017341180937364697,
        -0.07537095248699188,
        0.4620000422000885
      ],
      "rotation_matrix_camera": [
        [
          0.8544597029685974,
          0.03706137463450432,
          -0.5181940793991089
        ],
        [
          -0.517707347869873,
          -0.022455113008618355,
          -0.8552629947662354
        ],
        [
          -0.04333333298563957,
          0.9990606307983398,
          -4.367032602203835e-08
        ]
      ],
      "width": 0.0671883299946785,
      "height": 0.019999999552965164,
      "depth": 0.019999999552965164,
      "object_id": -1,
      "frame": "RealSense D455 aligned color camera frame",
      "rank": 38,
      "distance_to_object_center": 0.05086214353279093
    },
    {
      "score": 0.21243906021118164,
      "translation_camera": [
        -0.0018460769206285477,
        -0.0820276215672493,
        0.45900002121925354
      ],
      "rotation_matrix_camera": [
        [
          0.8618829250335693,
          0.2416844666004181,
          -0.44580990076065063
        ],
        [
          -0.4292526841163635,
          -0.12036871165037155,
          -0.8951276540756226
        ],
        [
          -0.27000001072883606,
          0.9628603458404541,
          -4.2087961560355325e-08
        ]
      ],
      "width": 0.06701862812042236,
      "height": 0.019999999552965164,
      "depth": 0.019999999552965164,
      "object_id": -1,
      "frame": "RealSense D455 aligned color camera frame",
      "rank": 39,
      "distance_to_object_center": 0.042986417313948325
    },
    {
      "score": 0.21164847910404205,
      "translation_camera": [
        -0.0006407006294466555,
        -0.1370229870080948,
        0.4480000138282776
      ],
      "rotation_matrix_camera": [
        [
          -0.4467552900314331,
          -0.1930502951145172,
          -0.8735795617103577
        ],
        [
          -0.8019134998321533,
          -0.3465198576450348,
          0.4866813123226166
        ],
        [
          -0.39666667580604553,
          0.9179626703262329,
          -4.0125421207903855e-08
        ]
      ],
      "width": 0.0648028627038002,
      "height": 0.019999999552965164,
      "depth": 0.029999999329447746,
      "object_id": -1,
      "frame": "RealSense D455 aligned color camera frame",
      "rank": 40,
      "distance_to_object_center": 0.022423628430092178
    },
    {
      "score": 0.21146634221076965,
      "translation_camera": [
        -0.0006607225514017045,
        -0.07537095248699188,
        0.4620000422000885
      ],
      "rotation_matrix_camera": [
        [
          0.8544597029685974,
          0.03706137463450432,
          -0.5181940793991089
        ],
        [
          -0.517707347869873,
          -0.022455113008618355,
          -0.8552629947662354
        ],
        [
          -0.04333333298563957,
          0.9990606307983398,
          -4.367032602203835e-08
        ]
      ],
      "width": 0.068573959171772,
      "height": 0.019999999552965164,
      "depth": 0.019999999552965164,
      "object_id": -1,
      "frame": "RealSense D455 aligned color camera frame",
      "rank": 41,
      "distance_to_object_center": 0.05005315304733364
    },
    {
      "score": 0.21097052097320557,
      "translation_camera": [
        0.007654369343072176,
        -0.0866025984287262,
        0.4580000340938568
      ],
      "rotation_matrix_camera": [
        [
          0.8544597029685974,
          0.03706137463450432,
          -0.5181940793991089
        ],
        [
          -0.517707347869873,
          -0.022455113008618355,
          -0.8552629947662354
        ],
        [
          -0.04333333298563957,
          0.9990606307983398,
          -4.367032602203835e-08
        ]
      ],
      "width": 0.06801321357488632,
      "height": 0.019999999552965164,
      "depth": 0.019999999552965164,
      "object_id": -1,
      "frame": "RealSense D455 aligned color camera frame",
      "rank": 42,
      "distance_to_object_center": 0.04313902904740644
    },
    {
      "score": 0.20807090401649475,
      "translation_camera": [
        0.005280263256281614,
        -0.08184891194105148,
        0.4580000340938568
      ],
      "rotation_matrix_camera": [
        [
          0.8544597029685974,
          0.03706137463450432,
          -0.5181940793991089
        ],
        [
          -0.517707347869873,
          -0.022455113008618355,
          -0.8552629947662354
        ],
        [
          -0.04333333298563957,
          0.9990606307983398,
          -4.367032602203835e-08
        ]
      ],
      "width": 0.06474730372428894,
      "height": 0.019999999552965164,
      "depth": 0.019999999552965164,
      "object_id": -1,
      "frame": "RealSense D455 aligned color camera frame",
      "rank": 43,
      "distance_to_object_center": 0.04594459520377366
    },
    {
      "score": 0.2031707614660263,
      "translation_camera": [
        -0.00878821685910225,
        -0.1489795297384262,
        0.4490000307559967
      ],
      "rotation_matrix_camera": [
        [
          -0.4467552900314331,
          -0.1930502951145172,
          -0.8735795617103577
        ],
        [
          -0.8019134998321533,
          -0.3465198576450348,
          0.4866813123226166
        ],
        [
          -0.39666667580604553,
          0.9179626703262329,
          -4.0125421207903855e-08
        ]
      ],
      "width": 0.07031481713056564,
      "height": 0.019999999552965164,
      "depth": 0.019999999552965164,
      "object_id": -1,
      "frame": "RealSense D455 aligned color camera frame",
      "rank": 44,
      "distance_to_object_center": 0.02835709421856479
    },
    {
      "score": 0.20131155848503113,
      "translation_camera": [
        -0.003055563196539879,
        -0.07896734774112701,
        0.4620000422000885
      ],
      "rotation_matrix_camera": [
        [
          0.8618829250335693,
          0.2416844666004181,
          -0.44580990076065063
        ],
        [
          -0.4292526841163635,
          -0.12036871165037155,
          -0.8951276540756226
        ],
        [
          -0.27000001072883606,
          0.9628603458404541,
          -4.2087961560355325e-08
        ]
      ],
      "width": 0.06758145987987518,
      "height": 0.019999999552965164,
      "depth": 0.019999999552965164,
      "object_id": -1,
      "frame": "RealSense D455 aligned color camera frame",
      "rank": 45,
      "distance_to_object_center": 0.04596492625230337
    },
    {
      "score": 0.1985042691230774,
      "translation_camera": [
        -0.0006550020189024508,
        -0.08303733170032501,
        0.4580000340938568
      ],
      "rotation_matrix_camera": [
        [
          0.8618829250335693,
          0.2416844666004181,
          -0.44580990076065063
        ],
        [
          -0.4292526841163635,
          -0.12036871165037155,
          -0.8951276540756226
        ],
        [
          -0.27000001072883606,
          0.9628603458404541,
          -4.2087961560355325e-08
        ]
      ],
      "width": 0.06646475940942764,
      "height": 0.019999999552965164,
      "depth": 0.019999999552965164,
      "object_id": -1,
      "frame": "RealSense D455 aligned color camera frame",
      "rank": 46,
      "distance_to_object_center": 0.0423497383997108
    },
    {
      "score": 0.19836148619651794,
      "translation_camera": [
        0.001692829537205398,
        -0.1367703080177307,
        0.45100003480911255
      ],
      "rotation_matrix_camera": [
        [
          -0.4467552900314331,
          -0.1930502951145172,
          -0.8735795617103577
        ],
        [
          -0.8019134998321533,
          -0.3465198576450348,
          0.4866813123226166
        ],
        [
          -0.39666667580604553,
          0.9179626703262329,
          -4.0125421207903855e-08
        ]
      ],
      "width": 0.07387985289096832,
      "height": 0.019999999552965164,
      "depth": 0.029999999329447746,
      "object_id": -1,
      "frame": "RealSense D455 aligned color camera frame",
      "rank": 47,
      "distance_to_object_center": 0.023532629489845074
    },
    {
      "score": 0.19833950698375702,
      "translation_camera": [
        0.0005227575311437249,
        -0.13880236446857452,
