kinematics:
  shoulder:
    x: 0
    y: 0
    z: 0.08924125745347061
    roll: -0
    pitch: 0
    yaw: 1.345131194822966e-05
  upper_arm:
    x: 1.619014574520168e-05
    y: 0
    z: 0
    roll: 1.568917063863741
    pitch: 0
    yaw: -2.278748300366118e-05
  forearm:
    x: -0.4250542725670797
    y: 0
    z: 0
    roll: 3.139084038288524
    pitch: 3.141120125326994
    yaw: -3.141551397235113
  wrist_1:
    x: -0.392364779541404
    y: -0.001716316060842158
    z: 0.109684785068228
    roll: 0.01564643628396681
    pitch: -0.001714353374849438
    yaw: -6.850822164223803e-05
  wrist_2:
    x: -2.278000007227129e-06
    y: -0.09464204828820866
    z: 0.0001543611347063649
    roll: 1.569165328727722
    pitch: 0
    yaw: -1.93257339791942e-05
  wrist_3:
    x: 7.12657020365136e-05
    y: 0.08237229054049726
    z: 0.0001497903727102376
    roll: 1.57261478062955
    pitch: 3.141592653589793
    yaw: 3.141544639033099
  hash: calib_11540870036841885641