{
  "success": true,
  "method": "graspnet_baseline_d455",
  "num_candidates": 273,
  "object_center_camera": [
    -0.004903715499242899,
    -0.022403407259695484,
    0.41600003838539124
  ],
  "candidates": [
    {
      "score": 0.5133759379386902,
      "translation_camera": [
        -0.004974442068487406,
        -0.04909505695104599,
        0.4220000207424164
      ],
      "rotation_matrix_camera": [
        [
          0.6540746092796326,
          -0.6235225796699524,
          -0.42825937271118164
        ],
        [
          -0.309978187084198,
          0.2954989969730377,
          -0.9036558270454407
        ],
        [
          0.690000057220459,
          0.7238094210624695,
          -3.1638712982839934e-08
        ]
      ],
      "width": 0.0649007111787796,
      "height": 0.019999999552965164,
      "depth": 0.019999999552965164,
      "object_id": -1,
      "frame": "RealSense D455 aligned color camera frame",
      "rank": 0,
      "distance_to_object_center": 0.02735779511908775
    },
    {
      "score": 0.5000876784324646,
      "translation_camera": [
        -0.004974442068487406,
        -0.03815391659736633,
        0.4220000207424164
      ],
      "rotation_matrix_camera": [
        [
          0.4980229139328003,
          -0.6140506863594055,
          -0.6123030185699463
        ],
        [
          -0.3856969475746155,
          0.47555533051490784,
          -0.790623128414154
        ],
        [
          0.7766667008399963,
          0.6299118399620056,
          -2.7534321489497415e-08
        ]
      ],
      "width": 0.06958415359258652,
      "height": 0.019999999552965164,
      "depth": 0.019999999552965164,
      "object_id": -1,
      "frame": "RealSense D455 aligned color camera frame",
      "rank": 1,
      "distance_to_object_center": 0.016854771874109324
    },
    {
      "score": 0.4894533157348633,
      "translation_camera": [
        -0.0038815876469016075,
        -0.04581271484494209,
        0.4220000207424164
      ],
      "rotation_matrix_camera": [
        [
          0.6540746092796326,
          -0.6235225796699524,
          -0.42825937271118164
        ],
        [
          -0.309978187084198,
          0.2954989969730377,
          -0.9036558270454407
        ],
        [
          0.690000057220459,
          0.7238094210624695,
          -3.1638712982839934e-08
        ]
      ],
      "width": 0.06813599169254303,
      "height": 0.019999999552965164,
      "depth": 0.029999999329447746,
      "object_id": -1,
      "frame": "RealSense D455 aligned color camera frame",
      "rank": 2,
      "distance_to_object_center": 0.024187604578623102
    },
    {
      "score": 0.4844653606414795,
      "translation_camera": [
        -0.0016958786873146892,
        -0.048000942915678024,
        0.4220000207424164
      ],
      "rotation_matrix_camera": [
        [
          0.6540746092796326,
          -0.6235225796699524,
          -0.42825937271118164
        ],
        [
          -0.309978187084198,
          0.2954989969730377,
          -0.9036558270454407
        ],
        [
          0.690000057220459,
          0.7238094210624695,
          -3.1638712982839934e-08
        ]
      ],
      "width": 0.06861016899347305,
      "height": 0.019999999552965164,
      "depth": 0.029999999329447746,
      "object_id": -1,
      "frame": "RealSense D455 aligned color camera frame",
      "rank": 3,
      "distance_to_object_center": 0.026486295266719962
    },
    {
      "score": 0.483090877532959,
      "translation_camera": [
        -0.0006030243239365518,
        -0.04471860080957413,
        0.4220000207424164
      ],
      "rotation_matrix_camera": [
        [
          0.6540746092796326,
          -0.6235225796699524,
          -0.42825937271118164
        ],
        [
          -0.309978187084198,
          0.2954989969730377,
          -0.9036558270454407
        ],
        [
          0.690000057220459,
          0.7238094210624695,
          -3.1638712982839934e-08
        ]
      ],
      "width": 0.0678880363702774,
      "height": 0.019999999552965164,
      "depth": 0.029999999329447746,
      "object_id": -1,
      "frame": "RealSense D455 aligned color camera frame",
      "rank": 4,
      "distance_to_object_center": 0.02350454415721599
    },
    {
      "score": 0.47837966680526733,
      "translation_camera": [
        -0.006067296490073204,
        -0.04690682888031006,
        0.4220000207424164
      ],
      "rotation_matrix_camera": [
        [
          0.6540746092796326,
          -0.6235225796699524,
          -0.42825937271118164
        ],
        [
          -0.309978187084198,
          0.2954989969730377,
          -0.9036558270454407
        ],
        [
          0.690000057220459,
          0.7238094210624695,
          -3.1638712982839934e-08
        ]
      ],
      "width": 0.0669044777750969,
      "height": 0.019999999552965164,
      "depth": 0.029999999329447746,
      "object_id": -1,
      "frame": "RealSense D455 aligned color camera frame",
      "rank": 5,
      "distance_to_object_center": 0.025254135901361514
    },
    {
      "score": 0.47144976258277893,
      "translation_camera": [
        -0.0016918601468205452,
        -0.03588046506047249,
        0.42100003361701965
      ],
      "rotation_matrix_camera": [
        [
          0.4980229139328003,
          -0.6140506863594055,
          -0.6123030185699463
        ],
        [
          -0.3856969475746155,
          0.47555533051490784,
          -0.790623128414154
        ],
        [
          0.7766667008399963,
          0.6299118399620056,
          -2.7534321489497415e-08
        ]
      ],
      "width": 0.0704980343580246,
      "height": 0.019999999552965164,
      "depth": 0.019999999552965164,
      "object_id": -1,
      "frame": "RealSense D455 aligned color camera frame",
      "rank": 6,
      "distance_to_object_center": 0.014729122651627128
    },
    {
      "score": 0.46497005224227905,
      "translation_camera": [
        -0.006067296490073204,
        -0.04362448677420616,
        0.4220000207424164
      ],
      "rotation_matrix_camera": [
        [
          0.6540746092796326,
          -0.6235225796699524,
          -0.42825937271118164
        ],
        [
          -0.309978187084198,
          0.2954989969730377,
          -0.9036558270454407
        ],
        [
          0.690000057220459,
          0.7238094210624695,
          -3.1638712982839934e-08
        ]
      ],
      "width": 0.0664573535323143,
      "height": 0.019999999552965164,
      "depth": 0.029999999329447746,
      "object_id": -1,
      "frame": "RealSense D455 aligned color camera frame",
      "rank": 7,
      "distance_to_object_center": 0.02208365741375326
    },
    {
      "score": 0.44127193093299866,
      "translation_camera": [
        -0.007075314875692129,
        -0.0571625679731369,
        0.41700002551078796
      ],
      "rotation_matrix_camera": [
        [
          0.6660667061805725,
          -0.7401613593101501,
          -0.09228425472974777
        ],
        [
          -0.06173091381788254,
          0.0685979425907135,
          -0.9957327246665955
        ],
        [
          0.7433333396911621,
          0.6689212322235107,
          -2.9239474841347146e-08
        ]
      ],
      "width": 0.07518969476222992,
      "height": 0.019999999552965164,
      "depth": 0.019999999552965164,
      "object_id": -1,
      "frame": "RealSense D455 aligned color camera frame",
      "rank": 8,
      "distance_to_object_center": 0.03484128401201085
    },
    {
      "score": 0.43335914611816406,
      "translation_camera": [
        -0.0027887332253158092,
        -0.042530372738838196,
        0.4220000207424164
      ],
      "rotation_matrix_camera": [
        [
          0.6540746092796326,
          -0.6235225796699524,
          -0.42825937271118164
        ],
        [
          -0.309978187084198,
          0.2954989969730377,
          -0.9036558270454407
        ],
        [
          0.690000057220459,
          0.7238094210624695,
          -3.1638712982839934e-08
        ]
      ],
      "width": 0.0667957067489624,
      "height": 0.019999999552965164,
      "depth": 0.029999999329447746,
      "object_id": -1,
      "frame": "RealSense D455 aligned color camera frame",
      "rank": 9,
      "distance_to_object_center": 0.021108474073277803
    },
    {
      "score": 0.4265509247779846,
      "translation_camera": [
        -0.009124393574893475,
        -0.05540897697210312,
        0.41200003027915955
      ],
      "rotation_matrix_camera": [
        [
          0.6660667061805725,
          -0.7401613593101501,
          -0.09228425472974777
        ],
        [
          -0.06173091381788254,
          0.0685979425907135,
          -0.9957327246665955
        ],
        [
          0.7433333396911621,
          0.6689212322235107,
          -2.9239474841347146e-08
        ]
      ],
      "width": 0.0744263082742691,
      "height": 0.019999999552965164,
      "depth": 0.019999999552965164,
      "object_id": -1,
      "frame": "RealSense D455 aligned color camera frame",
      "rank": 10,
      "distance_to_object_center": 0.03351390488004638
    },
    {
      "score": 0.4256812334060669,
      "translation_camera": [
        -0.004962654318660498,
        -0.03588046506047249,
        0.42100003361701965
      ],
      "rotation_matrix_camera": [
        [
          0.4980229139328003,
          -0.6140506863594055,
          -0.6123030185699463
        ],
        [
          -0.3856969475746155,
          0.47555533051490784,
          -0.790623128414154
        ],
        [
          0.7766667008399963,
          0.6299118399620056,
          -2.7534321489497415e-08
        ]
      ],
      "width": 0.0685078427195549,
      "height": 0.019999999552965164,
      "depth": 0.019999999552965164,
      "object_id": -1,
      "frame": "RealSense D455 aligned color camera frame",
      "rank": 11,
      "distance_to_object_center": 0.014374787409427159
    },
    {
      "score": 0.4152950942516327,
      "translation_camera": [
        -0.02224721945822239,
        -0.048629701137542725,
        0.4180000126361847
      ],
      "rotation_matrix_camera": [
        [
          0.32332366704940796,
          -0.5531456470489502,
          -0.7677836418151855
        ],
        [
          -0.38744980096817017,
          0.6628532409667969,
          -0.6407091617584229
        ],
        [
          0.8633333444595337,
          0.5046340823173523,
          -2.2058255666479454e-08
        ]
      ],
      "width": 0.07628831267356873,
      "height": 0.019999999552965164,
      "depth": 0.019999999552965164,
      "object_id": -1,
      "frame": "RealSense D455 aligned color camera frame",
      "rank": 12,
      "distance_to_object_center": 0.0315058013252509
    },
    {
      "score": 0.39024755358695984,
      "translation_camera": [
        -0.021063460037112236,
        -0.05810404568910599,
        0.41600003838539124
      ],
      "rotation_matrix_camera": [
        [
          0.4980229139328003,
          -0.0012358129024505615,
          -0.8671630620956421
        ],
        [
          -0.3856969475746155,
          0.8953233957290649,
          -0.22278660535812378
        ],
        [
          0.7766667008399963,
          0.4454149603843689,
          0.4454149305820465
        ]
      ],
      "width": 0.08221836388111115,
      "height": 0.019999999552965164,
      "depth": 0.029999999329447746,
      "object_id": -1,
      "frame": "RealSense D455 aligned color camera frame",
      "rank": 13,
      "distance_to_object_center": 0.03918766295400505
    },
    {
      "score": 0.3788089156150818,
      "translation_camera": [
        -0.011285634711384773,
        -0.049118783324956894,
        0.4130000174045563
      ],
      "rotation_matrix_camera": [
        [
          0.6540746092796326,
          -0.6235225796699524,
          -0.42825937271118164
        ],
        [
          -0.309978187084198,
          0.2954989969730377,
          -0.9036558270454407
        ],
        [
          0.690000057220459,
          0.7238094210624695,
          -3.1638712982839934e-08
        ]
      ],
      "width": 0.0646553635597229,
      "height": 0.019999999552965164,
      "depth": 0.019999999552965164,
      "object_id": -1,
      "frame": "RealSense D455 aligned color camera frame",
      "rank": 14,
      "distance_to_object_center": 0.02763042411951177
    },
    {
      "score": 0.36759698390960693,
      "translation_camera": [
        -0.02224721945822239,
        -0.04646221175789833,
        0.4180000126361847
      ],
      "rotation_matrix_camera": [
        [
          0.32332366704940796,
          -0.5531456470489502,
          -0.7677836418151855
        ],
        [
          -0.38744980096817017,
          0.6628532409667969,
          -0.6407091617584229
        ],
        [
          0.8633333444595337,
          0.5046340823173523,
          -2.2058255666479454e-08
        ]
      ],
      "width": 0.07386172562837601,
      "height": 0.019999999552965164,
      "depth": 0.019999999552965164,
      "object_id": -1,
      "frame": "RealSense D455 aligned color camera frame",
      "rank": 15,
      "distance_to_object_center": 0.02972579856726678
    },
    {
      "score": 0.36124083399772644,
      "translation_camera": [
        0.001548930536955595,
        -0.043764885514974594,
        0.4130000174045563
      ],
      "rotation_matrix_camera": [
        [
          0.6540746092796326,
          -0.6235225796699524,
          -0.42825937271118164
        ],
        [
          -0.309978187084198,
          0.2954989969730377,
          -0.9036558270454407
        ],
        [
          0.690000057220459,
          0.7238094210624695,
          -3.1638712982839934e-08
        ]
      ],
      "width": 0.06285350024700165,
      "height": 0.019999999552965164,
      "depth": 0.019999999552965164,
      "object_id": -1,
      "frame": "RealSense D455 aligned color camera frame",
      "rank": 16,
      "distance_to_object_center": 0.02251553952284245
    },
    {
      "score": 0.3597206175327301,
      "translation_camera": [
        0.0026184776797890663,
        -0.04590644687414169,
        0.4130000174045563
      ],
      "rotation_matrix_camera": [
        [
          0.6540746092796326,
          -0.6235225796699524,
          -0.42825937271118164
        ],
        [
          -0.309978187084198,
          0.2954989969730377,
          -0.9036558270454407
        ],
        [
          0.690000057220459,
          0.7238094210624695,
          -3.1638712982839934e-08
        ]
      ],
      "width": 0.06242554634809494,
      "height": 0.019999999552965164,
      "depth": 0.019999999552965164,
      "object_id": -1,
      "frame": "RealSense D455 aligned color camera frame",
      "rank": 17,
      "distance_to_object_center": 0.024859130862247635
    },
    {
      "score": 0.3551408648490906,
      "translation_camera": [
        -0.0244706142693758,
        -0.04548703134059906,
        0.4190000295639038
      ],
      "rotation_matrix_camera": [
        [
          0.32332366704940796,
          -0.5531456470489502,
          -0.7677836418151855
        ],
        [
          -0.38744980096817017,
          0.6628532409667969,
          -0.6407091617584229
        ],
        [
          0.8633333444595337,
          0.5046340823173523,
          -2.2058255666479454e-08
        ]
      ],
      "width": 0.07162707298994064,
      "height": 0.019999999552965164,
      "depth": 0.019999999552965164,
      "object_id": -1,
      "frame": "RealSense D455 aligned color camera frame",
      "rank": 18,
      "distance_to_object_center": 0.030409162685944728
    },
    {
      "score": 0.3548855781555176,
      "translation_camera": [
        0.001548930536955595,
        -0.035198647528886795,
        0.4130000174045563
      ],
      "rotation_matrix_camera": [
        [
          0.4980229139328003,
          -0.6140506863594055,
          -0.6123030185699463
        ],
        [
          -0.3856969475746155,
          0.47555533051490784,
          -0.790623128414154
        ],
        [
          0.7766667008399963,
          0.6299118399620056,
          -2.7534321489497415e-08
        ]
      ],
      "width": 0.06612387299537659,
      "height": 0.019999999552965164,
      "depth": 0.019999999552965164,
      "object_id": -1,
      "frame": "RealSense D455 aligned color camera frame",
      "rank": 19,
      "distance_to_object_center": 0.014640865421833951
    },
    {
      "score": 0.3516066074371338,
      "translation_camera": [
        -0.01778864488005638,
        -0.0568884052336216,
        0.4150000214576721
      ],
      "rotation_matrix_camera": [
        [
          0.4980229139328003,
          -0.0012358129024505615,
          -0.8671630620956421
        ],
        [
          -0.3856969475746155,
          0.8953233957290649,
          -0.22278660535812378
        ],
        [
          0.7766667008399963,
          0.4454149603843689,
          0.4454149305820465
        ]
      ],
      "width": 0.08099842071533203,
      "height": 0.019999999552965164,
      "depth": 0.029999999329447746,
      "object_id": -1,
      "frame": "RealSense D455 aligned color camera frame",
      "rank": 20,
      "distance_to_object_center": 0.03682711669769931
    },
    {
      "score": 0.3510533571243286,
      "translation_camera": [
        -0.010216087102890015,
        -0.04697722569108009,
        0.4130000174045563
      ],
      "rotation_matrix_camera": [
        [
          0.6540746092796326,
          -0.6235225796699524,
          -0.42825937271118164
        ],
        [
          -0.309978187084198,
          0.2954989969730377,
          -0.9036558270454407
        ],
        [
          0.690000057220459,
          0.7238094210624695,
          -3.1638712982839934e-08
        ]
      ],
      "width": 0.06096411496400833,
      "height": 0.019999999552965164,
      "depth": 0.019999999552965164,
      "object_id": -1,
      "frame": "RealSense D455 aligned color camera frame",
      "rank": 21,
      "distance_to_object_center": 0.025319833534984865
    },
    {
      "score": 0.35045260190963745,
      "translation_camera": [
        0.002624817891046405,
        -0.023476779460906982,
        0.4140000343322754
      ],
      "rotation_matrix_camera": [
        [
          0.4980229139328003,
          -0.6140506863594055,
          -0.6123030185699463
        ],
        [
          -0.3856969475746155,
          0.47555533051490784,
          -0.790623128414154
        ],
        [
          0.7766667008399963,
          0.6299118399620056,
          -2.7534321489497415e-08
        ]
      ],
      "width": 0.06805811822414398,
      "height": 0.019999999552965164,
      "depth": 0.019999999552965164,
      "object_id": -1,
      "frame": "RealSense D455 aligned color camera frame",
      "rank": 22,
      "distance_to_object_center": 0.007863266439814588
    },
    {
      "score": 0.3450286090373993,
      "translation_camera": [
        -0.02111409232020378,
        -0.045269910246133804,
        0.41700002551078796
      ],
      "rotation_matrix_camera": [
        [
          0.32332366704940796,
          -0.5531456470489502,
          -0.7677836418151855
        ],
        [
          -0.38744980096817017,
          0.6628532409667969,
          -0.6407091617584229
        ],
        [
          0.8633333444595337,
          0.5046340823173523,
          -2.2058255666479454e-08
        ]
      ],
      "width": 0.07297222316265106,
      "height": 0.019999999552965164,
      "depth": 0.019999999552965164,
      "object_id": -1,
      "frame": "RealSense D455 aligned color camera frame",
      "rank": 23,
      "distance_to_object_center": 0.02804733944168854
    },
    {
      "score": 0.3422999083995819,
      "translation_camera": [
        -0.006067296490073204,
        -0.040342144668102264,
        0.4220000207424164
      ],
      "rotation_matrix_camera": [
        [
          0.4980229139328003,
          -0.6140506863594055,
          -0.6123030185699463
        ],
        [
          -0.3856969475746155,
          0.47555533051490784,
          -0.790623128414154
        ],
        [
          0.7766667008399963,
          0.6299118399620056,
          -2.7534321489497415e-08
        ]
      ],
      "width": 0.0738537386059761,
      "height": 0.019999999552965164,
      "depth": 0.029999999329447746,
      "object_id": -1,
      "frame": "RealSense D455 aligned color camera frame",
      "rank": 24,
      "distance_to_object_center": 0.018951306256155733
    },
    {
      "score": 0.3334152102470398,
      "translation_camera": [
        -0.02111409232020378,
        -0.05283796414732933,
        0.41700002551078796
      ],
      "rotation_matrix_camera": [
        [
          0.4980229139328003,
          -0.6140506863594055,
          -0.6123030185699463
        ],
        [
          -0.3856969475746155,
          0.47555533051490784,
          -0.790623128414154
        ],
        [
          0.7766667008399963,
          0.6299118399620056,
          -2.7534321489497415e-08
        ]
      ],
      "width": 0.07532916218042374,
      "height": 0.019999999552965164,
      "depth": 0.029999999329447746,
      "object_id": -1,
      "frame": "RealSense D455 aligned color camera frame",
      "rank": 25,
      "distance_to_object_center": 0.03449693528235698
    },
    {
      "score": 0.33222031593322754,
      "translation_camera": [
        -0.025494705885648727,
        -0.06055087596178055,
        0.4180000126361847
      ],
      "rotation_matrix_camera": [
        [
          0.32332366704940796,
          -0.5531456470489502,
          -0.7677836418151855
        ],
        [
          -0.38744980096817017,
          0.6628532409667969,
          -0.6407091617584229
        ],
        [
          0.8633333444595337,
          0.5046340823173523,
          -2.2058255666479454e-08
        ]
      ],
      "width": 0.07593129575252533,
      "height": 0.019999999552965164,
      "depth": 0.029999999329447746,
      "object_id": -1,
      "frame": "RealSense D455 aligned color camera frame",
      "rank": 26,
      "distance_to_object_center": 0.04339606146268868
    },
    {
      "score": 0.3319907486438751,
      "translation_camera": [
        -0.021164724603295326,
        -0.04212724044919014,
        0.4180000126361847
      ],
      "rotation_matrix_camera": [
        [
          0.32332366704940796,
          -0.5531456470489502,
          -0.7677836418151855
        ],
        [
          -0.38744980096817017,
          0.6628532409667969,
          -0.6407091617584229
        ],
        [
          0.8633333444595337,
          0.5046340823173523,
          -2.2058255666479454e-08
        ]
      ],
      "width": 0.06988586485385895,
      "height": 0.019999999552965164,
      "depth": 0.019999999552965164,
      "object_id": -1,
      "frame": "RealSense D455 aligned color camera frame",
      "rank": 27,
      "distance_to_object_center": 0.025640786059965552
    },
    {
      "score": 0.33025598526000977,
      "translation_camera": [
        -0.010191351175308228,
        -0.05113622918725014,
        0.41200003027915955
      ],
      "rotation_matrix_camera": [
        [
          0.6540746092796326,
          -0.6235225796699524,
          -0.42825937271118164
        ],
        [
          -0.309978187084198,
          0.2954989969730377,
          -0.9036558270454407
        ],
        [
          0.690000057220459,
          0.7238094210624695,
          -3.1638712982839934e-08
        ]
      ],
      "width": 0.06332821398973465,
      "height": 0.019999999552965164,
      "depth": 0.019999999552965164,
      "object_id": -1,
      "frame": "RealSense D455 aligned color camera frame",
      "rank": 28,
      "distance_to_object_center": 0.02948786550113934
    },
    {
      "score": 0.32815831899642944,
      "translation_camera": [
        -0.0233297161757946,
        -0.052964672446250916,
        0.4180000126361847
      ],
      "rotation_matrix_camera": [
        [
          0.4980229139328003,
          -0.6140506863594055,
          -0.6123030185699463
        ],
        [
          -0.3856969475746155,
          0.47555533051490784,
          -0.790623128414154
        ],
        [
          0.7766667008399963,
          0.6299118399620056,
          -2.7534321489497415e-08
        ]
      ],
      "width": 0.0741938129067421,
      "height": 0.019999999552965164,
      "depth": 0.029999999329447746,
      "object_id": -1,
      "frame": "RealSense D455 aligned color camera frame",
      "rank": 29,
      "distance_to_object_center": 0.035742248498647725
    },
    {
      "score": 0.3272486925125122,
      "translation_camera": [
        -0.023385528475046158,
        -0.043314360082149506,
        0.4190000295639038
      ],
      "rotation_matrix_camera": [
        [
          0.32332366704940796,
          -0.5531456470489502,
          -0.7677836418151855
        ],
        [
          -0.38744980096817017,
          0.6628532409667969,
          -0.6407091617584229
        ],
        [
          0.8633333444595337,
          0.5046340823173523,
          -2.2058255666479454e-08
        ]
      ],
      "width": 0.069217748939991,
      "height": 0.019999999552965164,
      "depth": 0.019999999552965164,
      "object_id": -1,
      "frame": "RealSense D455 aligned color camera frame",
      "rank": 30,
      "distance_to_object_center": 0.028068582185187423
    },
    {
      "score": 0.32656970620155334,
      "translation_camera": [
        -0.018908826634287834,
        -0.04408279433846474,
        0.41600003838539124
      ],
      "rotation_matrix_camera": [
        [
          0.32332366704940796,
          -0.5531456470489502,
          -0.7677836418151855
        ],
        [
          -0.38744980096817017,
          0.6628532409667969,
          -0.6407091617584229
        ],
        [
          0.8633333444595337,
          0.5046340823173523,
          -2.2058255666479454e-08
        ]
      ],
      "width": 0.0734652727842331,
      "height": 0.019999999552965164,
      "depth": 0.019999999552965164,
      "object_id": -1,
      "frame": "RealSense D455 aligned color camera frame",
      "rank": 31,
      "distance_to_object_center": 0.025809667995076318
    },
    {
      "score": 0.323657363653183,
      "translation_camera": [
        -0.02377621829509735,
        -0.07275459170341492,
        0.42600002884864807
      ],
      "rotation_matrix_camera": [
        [
          0.6660667061805725,
          -0.7401613593101501,
          -0.09228425472974777
        ],
        [
          -0.06173091381788254,
          0.0685979425907135,
          -0.9957327246665955
        ],
        [
          0.7433333396911621,
          0.6689212322235107,
          -2.9239474841347146e-08
        ]
      ],
      "width": 0.07885029911994934,
      "height": 0.019999999552965164,
      "depth": 0.029999999329447746,
      "object_id": -1,
      "frame": "RealSense D455 aligned color camera frame",
      "rank": 32,
      "distance_to_object_center": 0.05469381085580173
    },
    {
      "score": 0.32271188497543335,
      "translation_camera": [
        0.0036880248226225376,
        -0.034127868711948395,
        0.4130000174045563
      ],
      "rotation_matrix_camera": [
        [
          0.4980229139328003,
          -0.6140506863594055,
          -0.6123030185699463
        ],
        [
          -0.3856969475746155,
          0.47555533051490784,
          -0.790623128414154
        ],
        [
          0.7766667008399963,
          0.6299118399620056,
          -2.7534321489497415e-08
        ]
      ],
      "width": 0.06570403277873993,
      "height": 0.019999999552965164,
      "depth": 0.019999999552965164,
      "object_id": -1,
      "frame": "RealSense D455 aligned color camera frame",
      "rank": 33,
      "distance_to_object_center": 0.014841870636452226
    },
    {
      "score": 0.32166749238967896,
      "translation_camera": [
        -0.019986143335700035,
        -0.05486837029457092,
        0.41600003838539124
      ],
      "rotation_matrix_camera": [
        [
          0.4980229139328003,
          -0.0012358129024505615,
          -0.8671630620956421
        ],
        [
          -0.3856969475746155,
          0.8953233957290649,
          -0.22278660535812378
        ],
        [
          0.7766667008399963,
          0.4454149603843689,
          0.4454149305820465
        ]
      ],
      "width": 0.07968997210264206,
      "height": 0.019999999552965164,
      "depth": 0.029999999329447746,
      "object_id": -1,
      "frame": "RealSense D455 aligned color camera frame",
      "rank": 34,
      "distance_to_object_center": 0.03579739451828534
    },
    {
      "score": 0.3200289309024811,
      "translation_camera": [
        -0.018908826634287834,
        -0.04084711894392967,
        0.41600003838539124
      ],
      "rotation_matrix_camera": [
        [
          0.32332366704940796,
          -0.5531456470489502,
          -0.7677836418151855
        ],
        [
          -0.38744980096817017,
          0.6628532409667969,
          -0.6407091617584229
        ],
        [
          0.8633333444595337,
          0.5046340823173523,
          -2.2058255666479454e-08
        ]
      ],
      "width": 0.0704675018787384,
      "height": 0.019999999552965164,
      "depth": 0.019999999552965164,
      "object_id": -1,
      "frame": "RealSense D455 aligned color camera frame",
      "rank": 35,
      "distance_to_object_center": 0.023158446376994213
    },
    {
      "score": 0.31987571716308594,
      "translation_camera": [
        0.003696954809129238,
        -0.02669689804315567,
        0.4140000343322754
      ],
      "rotation_matrix_camera": [
        [
          0.4980229139328003,
          -0.6140506863594055,
          -0.6123030185699463
        ],
        [
          -0.3856969475746155,
          0.47555533051490784,
          -0.790623128414154
        ],
        [
          0.7766667008399963,
          0.6299118399620056,
          -2.7534321489497415e-08
        ]
      ],
      "width": 0.06558652967214584,
      "height": 0.019999999552965164,
      "depth": 0.019999999552965164,
      "object_id": -1,
      "frame": "RealSense D455 aligned color camera frame",
      "rank": 36,
      "distance_to_object_center": 0.009818635805113227
    },
    {
      "score": 0.3165522813796997,
      "translation_camera": [
        0.005841228179633617,
        -0.02562352456152439,
        0.4140000343322754
      ],
      "rotation_matrix_camera": [
        [
          0.4980229139328003,
          -0.6140506863594055,
          -0.6123030185699463
        ],
        [
          -0.3856969475746155,
          0.47555533051490784,
          -0.790623128414154
        ],
        [
          0.7766667008399963,
          0.6299118399620056,
          -2.7534321489497415e-08
        ]
      ],
      "width": 0.067283496260643,
      "height": 0.019999999552965164,
      "depth": 0.019999999552965164,
      "object_id": -1,
      "frame": "RealSense D455 aligned color camera frame",
      "rank": 37,
      "distance_to_object_center": 0.011393989043010623
    },
    {
      "score": 0.3051382899284363,
      "translation_camera": [
        0.00048170494846999645,
        -0.0332171730697155,
        0.4150000214576721
      ],
      "rotation_matrix_camera": [
        [
          0.4980229139328003,
          -0.6140506863594055,
          -0.6123030185699463
        ],
        [
          -0.3856969475746155,
          0.47555533051490784,
          -0.790623128414154
        ],
        [
          0.7766667008399963,
          0.6299118399620056,
          -2.7534321489497415e-08
        ]
      ],
      "width": 0.06723096966743469,
      "height": 0.019999999552965164,
      "depth": 0.019999999552965164,
      "object_id": -1,
      "frame": "RealSense D455 aligned color camera frame",
      "rank": 38,
      "distance_to_object_center": 0.012121894169160478
    },
    {
      "score": 0.3032970130443573,
      "translation_camera": [
        -0.004903715569525957,
        -0.05810404568910599,
        0.41600003838539124
      ],
      "rotation_matrix_camera": [
        [
          0.6660667061805725,
          -0.7401613593101501,
          -0.09228425472974777
        ],
        [
          -0.06173091381788254,
          0.0685979425907135,
          -0.9957327246665955
        ],
        [
          0.7433333396911621,
          0.6689212322235107,
          -2.9239474841347146e-08
        ]
      ],
      "width": 0.07559385150671005,
      "height": 0.019999999552965164,
      "depth": 0.019999999552965164,
      "object_id": -1,
      "frame": "RealSense D455 aligned color camera frame",
      "rank": 39,
      "distance_to_object_center": 0.0357006384294105
    },
    {
      "score": 0.29235953092575073,
      "translation_camera": [
        0.001548930536955595,
        -0.031986311078071594,
        0.4130000174045563
      ],
      "rotation_matrix_camera": [
        [
          0.4980229139328003,
          -0.6140506863594055,
          -0.6123030185699463
        ],
        [
          -0.3856969475746155,
          0.47555533051490784,
          -0.790623128414154
        ],
        [
          0.7766667008399963,
          0.6299118399620056,
          -2.7534321489497415e-08
        ]
      ],
      "width": 0.06533678621053696,
      "height": 0.019999999552965164,
      "depth": 0.019999999552965164,
      "object_id": -1,
      "frame": "RealSense D455 aligned color camera frame",
      "rank": 40,
      "distance_to_object_center": 0.011936030007760768
    },
    {
      "score": 0.290599524974823,
      "translation_camera": [
        -0.013424728997051716,
        -0.05126034468412399,
        0.4130000174045563
      ],
      "rotation_matrix_camera": [
        [
          0.6540746092796326,
          -0.6235225796699524,
          -0.42825937271118164
        ],
        [
          -0.309978187084198,
          0.2954989969730377,
          -0.9036558270454407
        ],
        [
          0.690000057220459,
          0.7238094210624695,
          -3.1638712982839934e-08
        ]
      ],
      "width": 0.07097514718770981,
      "height": 0.019999999552965164,
      "depth": 0.029999999329447746,
      "object_id": -1,
      "frame": "RealSense D455 aligned color camera frame",
      "rank": 41,
      "distance_to_object_center": 0.03023790062872541
    },
    {
      "score": 0.28941985964775085,
      "translation_camera": [
        -0.01778864488005638,
        -0.05366050824522972,
        0.4150000214576721
      ],
      "rotation_matrix_camera": [
        [
          0.4980229139328003,
          -0.0012358129024505615,
          -0.8671630620956421
        ],
        [
          -0.3856969475746155,
          0.8953233957290649,
          -0.22278660535812378
        ],
        [
          0.7766667008399963,
          0.4454149603843689,
          0.4454149305820465
        ]
      ],
      "width": 0.07809165865182877,
      "height": 0.019999999552965164,
      "depth": 0.029999999329447746,
      "object_id": -1,
      "frame": "RealSense D455 aligned color camera frame",
      "rank": 42,
      "distance_to_object_center": 0.033823480025333884
    },
    {
      "score": 0.2835085093975067,
      "translation_camera": [
        -0.02121535874903202,
        -0.0389690175652504,
        0.4190000295639038
      ],
      "rotation_matrix_camera": [
        [
          0.32332366704940796,
          -0.5531456470489502,
          -0.7677836418151855
        ],
        [
          -0.38744980096817017,
          0.6628532409667969,
          -0.6407091617584229
        ],
        [
          0.8633333444595337,
          0.5046340823173523,
          -2.2058255666479454e-08
        ]
      ],
      "width": 0.0691949725151062,
      "height": 0.019999999552965164,
      "depth": 0.019999999552965164,
      "object_id": -1,
      "frame": "RealSense D455 aligned color camera frame",
      "rank": 43,
      "distance_to_object_center": 0.02344118378783485
    },
    {
      "score": 0.2815650403499603,
      "translation_camera": [
        -0.013424728997051716,
        -0.05768502131104469,
        0.4130000174045563
      ],
      "rotation_matrix_camera": [
        [
          0.4980229139328003,
          -0.0012358129024505615,
          -0.8671630620956421
        ],
        [
          -0.3856969475746155,
          0.8953233957290649,
          -0.22278660535812378
        ],
        [
          0.7766667008399963,
          0.4454149603843689,
          0.4454149305820465
        ]
      ],
      "width": 0.07802975177764893,
      "height": 0.019999999552965164,
      "depth": 0.029999999329447746,
      "object_id": -1,
      "frame": "RealSense D455 aligned color camera frame",
      "rank": 44,
      "distance_to_object_center": 0.03641977604246972
    },
    {
      "score": 0.2813500165939331,
      "translation_camera": [
        -0.013424728997051716,
        -0.04590644687414169,
        0.4130000174045563
      ],
      "rotation_matrix_camera": [
        [
          0.4980229139328003,
          -0.6140506863594055,
          -0.6123030185699463
        ],
        [
          -0.3856969475746155,
          0.47555533051490784,
          -0.790623128414154
        ],
        [
          0.7766667008399963,
          0.6299118399620056,
          -2.7534321489497415e-08
        ]
      ],
      "width": 0.0630214512348175,
      "height": 0.019999999552965164,
      "depth": 0.019999999552965164,
      "object_id": -1,
      "frame": "RealSense D455 aligned color camera frame",
      "rank": 45,
      "distance_to_object_center": 0.025179369889524992
    },
    {
      "score": 0.27695342898368835,
      "translation_camera": [
        -0.0005915925721637905,
        -0.03099038638174534,
        0.4140000343322754
      ],
      "rotation_matrix_camera": [
        [
          0.4980229139328003,
          -0.6140506863594055,
          -0.6123030185699463
        ],
        [
          -0.3856969475746155,
          0.47555533051490784,
          -0.790623128414154
        ],
        [
          0.7766667008399963,
          0.6299118399620056,
          -2.7534321489497415e-08
        ]
      ],
      "width": 0.06635063141584396,
      "height": 0.019999999552965164,
      "depth": 0.019999999552965164,
      "object_id": -1,
      "frame": "RealSense D455 aligned color camera frame",
      "rank": 46,
      "distance_to_object_center": 0.009814816900647774
    },
    {
      "score": 0.2702876031398773,
      "translation_camera": [
        0.011364258825778961,
        -0.04450666531920433,
        0.42000001668930054
      ],
      "rotation_matrix_camera": [
        [
          0.6540746092796326,
          -0.6235225796699524,
          -0.42825937271118164
        ],
        [
          -0.309978187084198,
          0.2954989969730377,
          -0.9036558270454407
        ],
        [
          0.690000057220459,
          0.7238094210624695,
          -3.1638712982839934e-08
        ]
      ],
      "width": 0.06608638167381287,
      "height": 0.019999999552965164,
      "depth": 0.019999999552965164,
      "object_id": -1,
      "frame": "RealSense D455 aligned color camera frame",
      "rank": 47,
      "distance_to_object_center": 0.027734470103403065
    },
    {
      "score": 0.2676520347595215,
      "translation_camera": [
        0.0004793834814336151,
        -0.049118783324956894,
        0.4130000174045563
      ],
      "rotation_matrix_camera": [
        [
          0.6660667061805725,
