{
  "success": true,
  "method": "graspnet_baseline_d455",
  "num_candidates": 155,
  "object_center_camera": [
    0.010085963170942387,
    -0.11727693304748645,
    0.4660000205039978
  ],
  "candidates": [
    {
      "score": 0.3925974667072296,
      "translation_camera": [
        0.03894885629415512,
        -0.12122011929750443,
        0.46300002932548523
      ],
      "rotation_matrix_camera": [
        [
          -0.34101662039756775,
          0.7053799033164978,
          0.6214070916175842
        ],
        [
          -0.33935707807540894,
          -0.708829402923584,
          0.6183830499649048
        ],
        [
          0.8766666650772095,
          0.0,
          0.4810982644557953
        ]
      ],
      "width": 0.08480478823184967,
      "height": 0.019999999552965164,
      "depth": 0.029999999329447746,
      "object_id": -1,
      "frame": "RealSense D455 aligned color camera frame",
      "rank": 0,
      "distance_to_object_center": 0.029285068965523794
    },
    {
      "score": 0.2726646661758423,
      "translation_camera": [
        0.0005496259545907378,
        0.03084910847246647,
        0.47300001978874207
      ],
      "rotation_matrix_camera": [
        [
          0.4980229139328003,
          0.22324463725090027,
          -0.8379349708557129
        ],
        [
          -0.3856969475746155,
          0.9224773645401001,
          0.016531437635421753
        ],
        [
          0.7766667008399963,
          0.3149559199810028,
          0.5455196499824524
        ]
      ],
      "width": 0.07007353752851486,
      "height": 0.019999999552965164,
      "depth": 0.029999999329447746,
      "object_id": -1,
      "frame": "RealSense D455 aligned color camera frame",
      "rank": 1,
      "distance_to_object_center": 0.14859766449665757
    },
    {
      "score": 0.2711793780326843,
      "translation_camera": [
        -0.012802503071725368,
        -0.10309399664402008,
        0.46800002455711365
      ],
      "rotation_matrix_camera": [
        [
          -0.22638584673404694,
          0.8128176331520081,
          -0.5367280840873718
        ],
        [
          -0.14400814473628998,
          0.5170480608940125,
          0.843755304813385
        ],
        [
          0.9633333683013916,
          0.26830747723579407,
          -1.1728092275120616e-08
        ]
      ],
      "width": 0.07232889533042908,
      "height": 0.019999999552965164,
      "depth": 0.019999999552965164,
      "object_id": -1,
      "frame": "RealSense D455 aligned color camera frame",
      "rank": 2,
      "distance_to_object_center": 0.027000696068416322
    },
    {
      "score": 0.26493602991104126,
      "translation_camera": [
        -0.01404575351625681,
        -0.10209698975086212,
        0.46900004148483276
      ],
      "rotation_matrix_camera": [
        [
          -0.22638584673404694,
          0.8128176331520081,
          -0.5367280840873718
        ],
        [
          -0.14400814473628998,
          0.5170480608940125,
          0.843755304813385
        ],
        [
          0.9633333683013916,
          0.26830747723579407,
          -1.1728092275120616e-08
        ]
      ],
      "width": 0.07102017849683762,
      "height": 0.019999999552965164,
      "depth": 0.019999999552965164,
      "object_id": -1,
      "frame": "RealSense D455 aligned color camera frame",
      "rank": 3,
      "distance_to_object_center": 0.02866654068152326
    },
    {
      "score": 0.24950262904167175,
      "translation_camera": [
        -0.016618074849247932,
        -0.1029677465558052,
        0.47300001978874207
      ],
      "rotation_matrix_camera": [
        [
          -0.22638584673404694,
          0.8128176331520081,
          -0.5367280840873718
        ],
        [
          -0.14400814473628998,
          0.5170480608940125,
          0.843755304813385
        ],
        [
          0.9633333683013916,
          0.26830747723579407,
          -1.1728092275120616e-08
        ]
      ],
      "width": 0.06798245757818222,
      "height": 0.019999999552965164,
      "depth": 0.019999999552965164,
      "object_id": -1,
      "frame": "RealSense D455 aligned color camera frame",
      "rank": 4,
      "distance_to_object_center": 0.031094347631424962
    },
    {
      "score": 0.24675272405147552,
      "translation_camera": [
        -0.001850603031925857,
        -0.12282255291938782,
        0.46000003814697266
      ],
      "rotation_matrix_camera": [
        [
          -0.22638584673404694,
          0.7288121581077576,
          0.6462061405181885
        ],
        [
          -0.14400814473628998,
          -0.6811830997467041,
          0.7178099155426025
        ],
        [
          0.9633333683013916,
          0.06944308429956436,
          0.25916510820388794
        ]
      ],
      "width": 0.07270268350839615,
      "height": 0.019999999552965164,
      "depth": 0.029999999329447746,
      "object_id": -1,
      "frame": "RealSense D455 aligned color camera frame",
      "rank": 5,
      "distance_to_object_center": 0.014464968052633122
    },
    {
      "score": 0.2426910251379013,
      "translation_camera": [
        -0.006764780730009079,
        0.030653448775410652,
        0.4700000286102295
      ],
      "rotation_matrix_camera": [
        [
          0.05689249932765961,
          -0.11523131281137466,
          -0.9917080998420715
        ],
        [
          -0.43903547525405884,
          0.8892316222190857,
          -0.1285107433795929
        ],
        [
          0.8966667056083679,
          0.44270631670951843,
          -1.9351308111481558e-08
        ]
      ],
      "width": 0.0740339383482933,
      "height": 0.019999999552965164,
      "depth": 0.029999999329447746,
      "object_id": -1,
      "frame": "RealSense D455 aligned color camera frame",
      "rank": 6,
      "distance_to_object_center": 0.14894074493278692
    },
    {
      "score": 0.24218247830867767,
      "translation_camera": [
        -0.015229105949401855,
        0.030523007735610008,
        0.46800002455711365
      ],
      "rotation_matrix_camera": [
        [
          0.05689249932765961,
          -0.11523131281137466,
          -0.9917080998420715
        ],
        [
          -0.43903547525405884,
          0.8892316222190857,
          -0.1285107433795929
        ],
        [
          0.8966667056083679,
          0.44270631670951843,
          -1.9351308111481558e-08
        ]
      ],
      "width": 0.07158142328262329,
      "height": 0.019999999552965164,
      "depth": 0.029999999329447746,
      "object_id": -1,
      "frame": "RealSense D455 aligned color camera frame",
      "rank": 7,
      "distance_to_object_center": 0.14996558017180842
    },
    {
      "score": 0.23568333685398102,
      "translation_camera": [
        -0.01788206584751606,
        -0.09703407436609268,
        0.4740000367164612
      ],
      "rotation_matrix_camera": [
        [
          -0.22638584673404694,
          0.8128176331520081,
          -0.5367280840873718
        ],
        [
          -0.14400814473628998,
          0.5170480608940125,
          0.843755304813385
        ],
        [
          0.9633333683013916,
          0.26830747723579407,
          -1.1728092275120616e-08
        ]
      ],
      "width": 0.06747355312108994,
      "height": 0.019999999552965164,
      "depth": 0.019999999552965164,
      "object_id": -1,
      "frame": "RealSense D455 aligned color camera frame",
      "rank": 8,
      "distance_to_object_center": 0.03543986786335256
    },
    {
      "score": 0.23172983527183533,
      "translation_camera": [
        -0.011663490906357765,
        -0.09764241427183151,
        0.4710000157356262
      ],
      "rotation_matrix_camera": [
        [
          -0.22638584673404694,
          0.8128176331520081,
          -0.5367280840873718
        ],
        [
          -0.14400814473628998,
          0.5170480608940125,
          0.843755304813385
        ],
        [
          0.9633333683013916,
          0.26830747723579407,
          -1.1728092275120616e-08
        ]
      ],
      "width": 0.0717313140630722,
      "height": 0.019999999552965164,
      "depth": 0.019999999552965164,
      "object_id": -1,
      "frame": "RealSense D455 aligned color camera frame",
      "rank": 9,
      "distance_to_object_center": 0.02972461997281784
    },
    {
      "score": 0.23075884580612183,
      "translation_camera": [
        -0.01410564873367548,
        -0.10008738934993744,
        0.4710000157356262
      ],
      "rotation_matrix_camera": [
        [
          -0.22638584673404694,
          0.8128176331520081,
          -0.5367280840873718
        ],
        [
          -0.14400814473628998,
          0.5170480608940125,
          0.843755304813385
        ],
        [
          0.9633333683013916,
          0.26830747723579407,
          -1.1728092275120616e-08
        ]
      ],
      "width": 0.07204558700323105,
      "height": 0.019999999552965164,
      "depth": 0.019999999552965164,
      "object_id": -1,
      "frame": "RealSense D455 aligned color camera frame",
      "rank": 10,
      "distance_to_object_center": 0.030095090154207922
    },
    {
      "score": 0.2206643521785736,
      "translation_camera": [
        -0.01285721454769373,
        -0.09865500032901764,
        0.4700000286102295
      ],
      "rotation_matrix_camera": [
        [
          -0.22638584673404694,
          0.8128176331520081,
          -0.5367280840873718
        ],
        [
          -0.14400814473628998,
          0.5170480608940125,
          0.843755304813385
        ],
        [
          0.9633333683013916,
          0.26830747723579407,
          -1.1728092275120616e-08
        ]
      ],
      "width": 0.07287712395191193,
      "height": 0.019999999552965164,
      "depth": 0.019999999552965164,
      "object_id": -1,
      "frame": "RealSense D455 aligned color camera frame",
      "rank": 11,
      "distance_to_object_center": 0.02981888406446524
    },
    {
      "score": 0.22033900022506714,
      "translation_camera": [
        -0.01419549435377121,
        -0.09826435148715973,
        0.4740000367164612
      ],
      "rotation_matrix_camera": [
        [
          -0.22638584673404694,
          0.8128176331520081,
          -0.5367280840873718
        ],
        [
          -0.14400814473628998,
          0.5170480608940125,
          0.843755304813385
        ],
        [
          0.9633333683013916,
          0.26830747723579407,
          -1.1728092275120616e-08
        ]
      ],
      "width": 0.069022998213768,
      "height": 0.019999999552965164,
      "depth": 0.019999999552965164,
      "object_id": -1,
      "frame": "RealSense D455 aligned color camera frame",
      "rank": 12,
      "distance_to_object_center": 0.03186012706365471
    },
    {
      "score": 0.2168591022491455,
      "translation_camera": [
        -0.015326728112995625,
        0.024606235325336456,
        0.4710000157356262
      ],
      "rotation_matrix_camera": [
        [
          0.05689249932765961,
          -0.11523131281137466,
          -0.9917080998420715
        ],
        [
          -0.43903547525405884,
          0.8892316222190857,
          -0.1285107433795929
        ],
        [
          0.8966667056083679,
          0.44270631670951843,
          -1.9351308111481558e-08
        ]
      ],
      "width": 0.07065755873918533,
      "height": 0.019999999552965164,
      "depth": 0.03999999910593033,
      "object_id": -1,
      "frame": "RealSense D455 aligned color camera frame",
      "rank": 13,
      "distance_to_object_center": 0.1442277306835265
    },
    {
      "score": 0.20816706120967865,
      "translation_camera": [
        -0.005534493364393711,
        0.029370933771133423,
        0.46900004148483276
      ],
      "rotation_matrix_camera": [
        [
          0.05689249932765961,
          -0.11523131281137466,
          -0.9917080998420715
        ],
        [
          -0.43903547525405884,
          0.8892316222190857,
          -0.1285107433795929
        ],
        [
          0.8966667056083679,
          0.44270631670951843,
          -1.9351308111481558e-08
        ]
      ],
      "width": 0.07314684987068176,
      "height": 0.019999999552965164,
      "depth": 0.029999999329447746,
      "object_id": -1,
      "frame": "RealSense D455 aligned color camera frame",
      "rank": 14,
      "distance_to_object_center": 0.1475079510762367
    },
    {
      "score": 0.19827264547348022,
      "translation_camera": [
        -0.015424351207911968,
        -0.10072489082813263,
        0.4740000367164612
      ],
      "rotation_matrix_camera": [
        [
          -0.22638584673404694,
          0.8128176331520081,
          -0.5367280840873718
        ],
        [
          -0.14400814473628998,
          0.5170480608940125,
          0.843755304813385
        ],
        [
          0.9633333683013916,
          0.26830747723579407,
          -1.1728092275120616e-08
        ]
      ],
      "width": 0.06894278526306152,
      "height": 0.019999999552965164,
      "depth": 0.019999999552965164,
      "object_id": -1,
      "frame": "RealSense D455 aligned color camera frame",
      "rank": 15,
      "distance_to_object_center": 0.031444339724963716
    },
    {
      "score": 0.18813365697860718,
      "translation_camera": [
        -0.01907060295343399,
        0.021027687937021255,
        0.47300001978874207
      ],
      "rotation_matrix_camera": [
        [
          0.05689249932765961,
          -0.11523131281137466,
          -0.9917080998420715
        ],
        [
          -0.43903547525405884,
          0.8892316222190857,
          -0.1285107433795929
        ],
        [
          0.8966667056083679,
          0.44270631670951843,
          -1.9351308111481558e-08
        ]
      ],
      "width": 0.06810575723648071,
      "height": 0.019999999552965164,
      "depth": 0.029999999329447746,
      "object_id": -1,
      "frame": "RealSense D455 aligned color camera frame",
      "rank": 16,
      "distance_to_object_center": 0.14151774985428464
    },
    {
      "score": 0.18743175268173218,
      "translation_camera": [
        -0.007949295453727245,
        0.02930830791592598,
        0.46800002455711365
      ],
      "rotation_matrix_camera": [
        [
          0.05689249932765961,
          -0.11523131281137466,
          -0.9917080998420715
        ],
        [
          -0.43903547525405884,
          0.8892316222190857,
          -0.1285107433795929
        ],
        [
          0.8966667056083679,
          0.44270631670951843,
          -1.9351308111481558e-08
        ]
      ],
      "width": 0.06957776099443436,
      "height": 0.019999999552965164,
      "depth": 0.029999999329447746,
      "object_id": -1,
      "frame": "RealSense D455 aligned color camera frame",
      "rank": 17,
      "distance_to_object_center": 0.1477041077227471
    },
    {
      "score": 0.18665388226509094,
      "translation_camera": [
        0.036187637597322464,
        -0.0822708010673523,
        0.4740000367164612
      ],
      "rotation_matrix_camera": [
        [
          0.32332366704940796,
          -0.5531456470489502,
          -0.7677836418151855
        ],
        [
          -0.38744980096817017,
          0.6628532409667969,
          -0.6407091617584229
        ],
        [
          0.8633333444595337,
          0.5046340823173523,
          -2.2058255666479454e-08
        ]
      ],
      "width": 0.0746220052242279,
      "height": 0.019999999552965164,
      "depth": 0.029999999329447746,
      "object_id": -1,
      "frame": "RealSense D455 aligned color camera frame",
      "rank": 18,
      "distance_to_object_center": 0.044392870412612334
    },
    {
      "score": 0.18595683574676514,
      "translation_camera": [
        0.01119408942759037,
        -0.1481168121099472,
        0.4570000171661377
      ],
      "rotation_matrix_camera": [
        [
          -0.34101662039756775,
          0.7053799033164978,
          0.6214070916175842
        ],
        [
          -0.33935707807540894,
          -0.708829402923584,
          0.6183830499649048
        ],
        [
          0.8766666650772095,
          0.0,
          0.4810982644557953
        ]
      ],
      "width": 0.07984347641468048,
      "height": 0.019999999552965164,
      "depth": 0.019999999552965164,
      "object_id": -1,
      "frame": "RealSense D455 aligned color camera frame",
      "rank": 19,
      "distance_to_object_center": 0.032145390718878675
    },
    {
      "score": 0.18495851755142212,
      "translation_camera": [
        -0.01410564873367548,
        0.02216126210987568,
        0.4710000157356262
      ],
      "rotation_matrix_camera": [
        [
          0.05689249932765961,
          -0.11523131281137466,
          -0.9917080998420715
        ],
        [
          -0.43903547525405884,
          0.8892316222190857,
          -0.1285107433795929
        ],
        [
          0.8966667056083679,
          0.44270631670951843,
          -1.9351308111481558e-08
        ]
      ],
      "width": 0.06878910958766937,
      "height": 0.019999999552965164,
      "depth": 0.029999999329447746,
      "object_id": -1,
      "frame": "RealSense D455 aligned color camera frame",
      "rank": 20,
      "distance_to_object_center": 0.14160947817008068
    },
    {
      "score": 0.18465131521224976,
      "translation_camera": [
        -0.006735994014889002,
        0.026878908276557922,
        0.46800002455711365
      ],
      "rotation_matrix_camera": [
        [
          0.05689249932765961,
          -0.11523131281137466,
          -0.9917080998420715
        ],
        [
          -0.43903547525405884,
          0.8892316222190857,
          -0.1285107433795929
        ],
        [
          0.8966667056083679,
          0.44270631670951843,
          -1.9351308111481558e-08
        ]
      ],
      "width": 0.06891218572854996,
      "height": 0.019999999552965164,
      "depth": 0.029999999329447746,
      "object_id": -1,
      "frame": "RealSense D455 aligned color camera frame",
      "rank": 21,
      "distance_to_object_center": 0.14514780345433229
    },
    {
      "score": 0.18398208916187286,
      "translation_camera": [
        -0.01788206584751606,
        -0.10072489082813263,
        0.4740000367164612
      ],
      "rotation_matrix_camera": [
        [
          -0.22638584673404694,
          0.8128176331520081,
          -0.5367280840873718
        ],
        [
          -0.14400814473628998,
          0.5170480608940125,
          0.843755304813385
        ],
        [
          0.9633333683013916,
          0.26830747723579407,
          -1.1728092275120616e-08
        ]
      ],
      "width": 0.06749509274959564,
      "height": 0.019999999552965164,
      "depth": 0.019999999552965164,
      "object_id": -1,
      "frame": "RealSense D455 aligned color camera frame",
      "rank": 22,
      "distance_to_object_center": 0.03346910527947053
    },
    {
      "score": 0.18355196714401245,
      "translation_camera": [
        -0.014075701124966145,
        0.02577388472855091,
        0.4700000286102295
      ],
      "rotation_matrix_camera": [
        [
          0.05689249932765961,
          -0.11523131281137466,
          -0.9917080998420715
        ],
        [
          -0.43903547525405884,
          0.8892316222190857,
          -0.1285107433795929
        ],
        [
          0.8966667056083679,
          0.44270631670951843,
          -1.9351308111481558e-08
        ]
      ],
      "width": 0.06909570842981339,
      "height": 0.019999999552965164,
      "depth": 0.029999999329447746,
      "object_id": -1,
      "frame": "RealSense D455 aligned color camera frame",
      "rank": 23,
      "distance_to_object_center": 0.14513208657216756
    },
    {
      "score": 0.18247061967849731,
      "translation_camera": [
        0.03518003597855568,
        -0.08031538128852844,
        0.47700002789497375
      ],
      "rotation_matrix_camera": [
        [
          0.32332366704940796,
          -0.5531456470489502,
          -0.7677836418151855
        ],
        [
          -0.38744980096817017,
          0.6628532409667969,
          -0.6407091617584229
        ],
        [
          0.8633333444595337,
          0.5046340823173523,
          -2.2058255666479454e-08
        ]
      ],
      "width": 0.06950423121452332,
      "height": 0.019999999552965164,
      "depth": 0.019999999552965164,
      "object_id": -1,
      "frame": "RealSense D455 aligned color camera frame",
      "rank": 24,
      "distance_to_object_center": 0.046009444259906614
    },
    {
      "score": 0.18067164719104767,
      "translation_camera": [
        -0.010375899262726307,
        0.02930830791592598,
        0.46800002455711365
      ],
      "rotation_matrix_camera": [
        [
          0.05689249932765961,
          -0.11523131281137466,
          -0.9917080998420715
        ],
        [
          -0.43903547525405884,
          0.8892316222190857,
          -0.1285107433795929
        ],
        [
          0.8966667056083679,
          0.44270631670951843,
          -1.9351308111481558e-08
        ]
      ],
      "width": 0.06814145296812057,
      "height": 0.019999999552965164,
      "depth": 0.029999999329447746,
      "object_id": -1,
      "frame": "RealSense D455 aligned color camera frame",
      "rank": 25,
      "distance_to_object_center": 0.1480200010092168
    },
    {
      "score": 0.17712944746017456,
      "translation_camera": [
        -0.009162597358226776,
        0.026878908276557922,
        0.46800002455711365
      ],
      "rotation_matrix_camera": [
        [
          0.05689249932765961,
          -0.11523131281137466,
          -0.9917080998420715
        ],
        [
          -0.43903547525405884,
          0.8892316222190857,
          -0.1285107433795929
        ],
        [
          0.8966667056083679,
          0.44270631670951843,
          -1.9351308111481558e-08
        ]
      ],
      "width": 0.06790249049663544,
      "height": 0.019999999552965164,
      "depth": 0.029999999329447746,
      "object_id": -1,
      "frame": "RealSense D455 aligned color camera frame",
      "rank": 26,
      "distance_to_object_center": 0.14544900716918155
    },
    {
      "score": 0.17660348117351532,
      "translation_camera": [
        0.026634806767106056,
        -0.17886893451213837,
        0.4790000319480896
      ],
      "rotation_matrix_camera": [
        [
          0.05689249932765961,
          0.9280924201011658,
          -0.3679777979850769
        ],
        [
          -0.43903547525405884,
          0.35428187251091003,
          0.8256707787513733
        ],
        [
          0.8966667056083679,
          0.11458082497119904,
          0.427621454000473
        ]
      ],
      "width": 0.07915040850639343,
      "height": 0.019999999552965164,
      "depth": 0.009999999776482582,
      "object_id": -1,
      "frame": "RealSense D455 aligned color camera frame",
      "rank": 27,
      "distance_to_object_center": 0.06508793410716375
    },
    {
      "score": 0.17305882275104523,
      "translation_camera": [
        -0.003043164499104023,
        -0.09536202251911163,
        0.46000003814697266
      ],
      "rotation_matrix_camera": [
        [
          -0.1557886302471161,
          0.39417675137519836,
          -0.9057342410087585
        ],
        [
          -0.33291125297546387,
          0.8423328399658203,
          0.42384597659111023
        ],
        [
          0.9300000071525574,
          0.3675594925880432,
          -1.6066536545622512e-08
        ]
      ],
      "width": 0.08097533881664276,
      "height": 0.019999999552965164,
      "depth": 0.03999999910593033,
      "object_id": -1,
      "frame": "RealSense D455 aligned color camera frame",
      "rank": 28,
      "distance_to_object_center": 0.026241895608504817
    },
    {
      "score": 0.172744020819664,
      "translation_camera": [
        -0.004244934301823378,
        -0.09676586091518402,
        0.4610000252723694
      ],
      "rotation_matrix_camera": [
        [
          -0.1557886302471161,
          0.39417675137519836,
          -0.9057342410087585
        ],
        [
          -0.33291125297546387,
          0.8423328399658203,
          0.42384597659111023
        ],
        [
          0.9300000071525574,
          0.3675594925880432,
          -1.6066536545622512e-08
        ]
      ],
      "width": 0.07990197092294693,
      "height": 0.019999999552965164,
      "depth": 0.03999999910593033,
      "object_id": -1,
      "frame": "RealSense D455 aligned color camera frame",
      "rank": 29,
      "distance_to_object_center": 0.025516242958314693
    },
    {
      "score": 0.16800978779792786,
      "translation_camera": [
        -0.009162597358226776,
        0.024449506774544716,
        0.46800002455711365
      ],
      "rotation_matrix_camera": [
        [
          0.05689249932765961,
          -0.11523131281137466,
          -0.9917080998420715
        ],
        [
          -0.43903547525405884,
          0.8892316222190857,
          -0.1285107433795929
        ],
        [
          0.8966667056083679,
          0.44270631670951843,
          -1.9351308111481558e-08
        ]
      ],
      "width": 0.06650029122829437,
      "height": 0.019999999552965164,
      "depth": 0.029999999329447746,
      "object_id": -1,
      "frame": "RealSense D455 aligned color camera frame",
      "rank": 30,
      "distance_to_object_center": 0.143041570332842
    },
    {
      "score": 0.16792190074920654,
      "translation_camera": [
        0.017155466601252556,
        -0.09613615274429321,
        0.4580000340938568
      ],
      "rotation_matrix_camera": [
        [
          -0.34101662039756775,
          0.6214070320129395,
          -0.7053799033164978
        ],
        [
          -0.33935707807540894,
          0.6183831095695496,
          0.708829402923584
        ],
        [
          0.8766666650772095,
          0.4810982644557953,
          -2.102947327387028e-08
        ]
      ],
      "width": 0.06784864515066147,
      "height": 0.019999999552965164,
      "depth": 0.029999999329447746,
      "object_id": -1,
      "frame": "RealSense D455 aligned color camera frame",
      "rank": 31,
      "distance_to_object_center": 0.023683543931208664
    },
    {
      "score": 0.167863667011261,
      "translation_camera": [
        -0.011589201167225838,
        0.026878908276557922,
        0.46800002455711365
      ],
      "rotation_matrix_camera": [
        [
          0.05689249932765961,
          -0.11523131281137466,
          -0.9917080998420715
        ],
        [
          -0.43903547525405884,
          0.8892316222190857,
          -0.1285107433795929
        ],
        [
          0.8966667056083679,
          0.44270631670951843,
          -1.9351308111481558e-08
        ]
      ],
      "width": 0.06702293455600739,
      "height": 0.019999999552965164,
      "depth": 0.029999999329447746,
      "object_id": -1,
      "frame": "RealSense D455 aligned color camera frame",
      "rank": 32,
      "distance_to_object_center": 0.1457899837202204
    },
    {
      "score": 0.16411128640174866,
      "translation_camera": [
        -0.011613965034484863,
        0.024501750245690346,
        0.46900004148483276
      ],
      "rotation_matrix_camera": [
        [
          0.05689249932765961,
          -0.11523131281137466,
          -0.9917080998420715
        ],
        [
          -0.43903547525405884,
          0.8892316222190857,
          -0.1285107433795929
        ],
        [
          0.8966667056083679,
          0.44270631670951843,
          -1.9351308111481558e-08
        ]
      ],
      "width": 0.067369244992733,
      "height": 0.019999999552965164,
      "depth": 0.029999999329447746,
      "object_id": -1,
      "frame": "RealSense D455 aligned color camera frame",
      "rank": 33,
      "distance_to_object_center": 0.14346108199213148
    },
    {
      "score": 0.16367249190807343,
      "translation_camera": [
        -0.005510891787707806,
        0.024397265166044235,
        0.4670000374317169
      ],
      "rotation_matrix_camera": [
        [
          0.05689249932765961,
          -0.11523131281137466,
          -0.9917080998420715
        ],
        [
          -0.43903547525405884,
          0.8892316222190857,
          -0.1285107433795929
        ],
        [
          0.8966667056083679,
          0.44270631670951843,
          -1.9351308111481558e-08
        ]
      ],
      "width": 0.06630375236272812,
      "height": 0.019999999552965164,
      "depth": 0.029999999329447746,
      "object_id": -1,
      "frame": "RealSense D455 aligned color camera frame",
      "rank": 34,
      "distance_to_object_center": 0.1425336464063965
    },
    {
      "score": 0.1607382446527481,
      "translation_camera": [
        -0.011638727970421314,
        0.022114209830760956,
        0.4700000286102295
      ],
      "rotation_matrix_camera": [
        [
          0.05689249932765961,
          -0.11523131281137466,
          -0.9917080998420715
        ],
        [
          -0.43903547525405884,
          0.8892316222190857,
          -0.1285107433795929
        ],
        [
          0.8966667056083679,
          0.44270631670951843,
          -1.9351308111481558e-08
        ]
      ],
      "width": 0.06656567007303238,
      "height": 0.019999999552965164,
      "depth": 0.029999999329447746,
      "object_id": -1,
      "frame": "RealSense D455 aligned color camera frame",
      "rank": 35,
      "distance_to_object_center": 0.14113062383105074
    },
    {
      "score": 0.15995682775974274,
      "translation_camera": [
        -0.007949295453727245,
        0.02202010713517666,
        0.46800002455711365
      ],
      "rotation_matrix_camera": [
        [
          0.05689249932765961,
          -0.11523131281137466,
          -0.9917080998420715
        ],
        [
          -0.43903547525405884,
          0.8892316222190857,
          -0.1285107433795929
        ],
        [
          0.8966667056083679,
          0.44270631670951843,
          -1.9351308111481558e-08
        ]
      ],
      "width": 0.06646877527236938,
      "height": 0.019999999552965164,
      "depth": 0.03999999910593033,
      "object_id": -1,
      "frame": "RealSense D455 aligned color camera frame",
      "rank": 36,
      "distance_to_object_center": 0.14047396902459067
    },
    {
      "score": 0.15771999955177307,
      "translation_camera": [
        0.01474844105541706,
        -0.09592624753713608,
        0.4570000171661377
      ],
      "rotation_matrix_camera": [
        [
          -0.34101662039756775,
          0.6214070320129395,
          -0.7053799033164978
        ],
        [
          -0.33935707807540894,
          0.6183831095695496,
          0.708829402923584
        ],
        [
          0.8766666650772095,
          0.4810982644557953,
          -2.102947327387028e-08
        ]
      ],
      "width": 0.06978128850460052,
      "height": 0.019999999552965164,
      "depth": 0.029999999329447746,
      "object_id": -1,
      "frame": "RealSense D455 aligned color camera frame",
      "rank": 37,
      "distance_to_object_center": 0.023634519920374807
    },
    {
      "score": 0.15635661780834198,
      "translation_camera": [
        -0.016618074849247932,
        0.019800009205937386,
        0.47300001978874207
      ],
      "rotation_matrix_camera": [
        [
          0.05689249932765961,
          -0.11523131281137466,
          -0.9917080998420715
        ],
        [
          -0.43903547525405884,
          0.8892316222190857,
          -0.1285107433795929
        ],
        [
          0.8966667056083679,
          0.44270631670951843,
          -1.9351308111481558e-08
        ]
      ],
      "width": 0.06719858944416046,
      "height": 0.019999999552965164,
      "depth": 0.029999999329447746,
      "object_id": -1,
      "frame": "RealSense D455 aligned color camera frame",
      "rank": 38,
      "distance_to_object_center": 0.13982915909823201
    },
    {
      "score": 0.15577839314937592,
      "translation_camera": [
        -0.009045128710567951,
        -0.06340021640062332,
        0.4620000422000885
      ],
      "rotation_matrix_camera": [
        [
          -0.34101662039756775,
          0.6214070320129395,
          -0.7053799033164978
        ],
        [
          -0.33935707807540894,
          0.6183831095695496,
          0.708829402923584
        ],
        [
          0.8766666650772095,
          0.4810982644557953,
          -2.102947327387028e-08
        ]
      ],
      "width": 0.07621057331562042,
      "height": 0.019999999552965164,
      "depth": 0.03999999910593033,
      "object_id": -1,
      "frame": "RealSense D455 aligned color camera frame",
      "rank": 39,
      "distance_to_object_center": 0.057312294489550095
    },
    {
      "score": 0.15529829263687134,
      "translation_camera": [
        0.02911844663321972,
        -0.18259868025779724,
        0.4790000319480896
      ],
      "rotation_matrix_camera": [
        [
          -0.9794528484344482,
          -0.049033984541893005,
          -0.19562169909477234
        ],
        [
          -0.19537703692913055,
          -0.00978104304522276,
          0.980679452419281
        ],
        [
          -0.05000000447034836,
          0.9987492561340332,
          -4.365671557593487e-08
        ]
      ],
      "width": 0.04446496069431305,
      "height": 0.019999999552965164,
      "depth": 0.029999999329447746,
      "object_id": -1,
      "frame": "RealSense D455 aligned color camera frame",
      "rank": 40,
      "distance_to_object_center": 0.06926879804714475
    },
    {
      "score": 0.15515993535518646,
      "translation_camera": [
        0.01235178578644991,
        -0.1004505604505539,
        0.45600003004074097
      ],
      "rotation_matrix_camera": [
        [
          -0.34101662039756775,
          0.6214070320129395,
          -0.7053799033164978
        ],
        [
          -0.33935707807540894,
          0.6183831095695496,
          0.708829402923584
        ],
        [
          0.8766666650772095,
          0.4810982644557953,
          -2.102947327387028e-08
        ]
      ],
      "width": 0.07219783216714859,
      "height": 0.019999999552965164,
      "depth": 0.03999999910593033,
      "object_id": -1,
      "frame": "RealSense D455 aligned color camera frame",
      "rank": 41,
      "distance_to_object_center": 0.019704328868575444
    },
    {
      "score": 0.15514038503170013,
      "translation_camera": [
        0.01593322493135929,
        -0.09948468953371048,
        0.4570000171661377
      ],
      "rotation_matrix_camera": [
        [
          -0.34101662039756775,
          0.6214070320129395,
          -0.7053799033164978
        ],
        [
          -0.33935707807540894,
          0.6183831095695496,
          0.708829402923584
        ],
        [
          0.8766666650772095,
          0.4810982644557953,
          -2.102947327387028e-08
        ]
      ],
      "width": 0.06684321910142899,
      "height": 0.019999999552965164,
      "depth": 0.029999999329447746,
      "object_id": -1,
      "frame": "RealSense D455 aligned color camera frame",
      "rank": 42,
      "distance_to_object_center": 0.02077870206316626
    },
    {
      "score": 0.15457338094711304,
      "translation_camera": [
        -0.019110921770334244,
        0.017381325364112854,
        0.4740000367164612
      ],
      "rotation_matrix_camera": [
        [
          0.05689249932765961,
          -0.11523131281137466,
          -0.9917080998420715
        ],
        [
          -0.43903547525405884,
          0.8892316222190857,
          -0.1285107433795929
        ],
        [
          0.8966667056083679,
          0.44270631670951843,
          -1.9351308111481558e-08
        ]
      ],
      "width": 0.06477997452020645,
      "height": 0.019999999552965164,
      "depth": 0.029999999329447746,
      "object_id": -1,
      "frame": "RealSense D455 aligned color camera frame",
      "rank": 43,
      "distance_to_object_center": 0.13801921934324535
    },
    {
      "score": 0.15431591868400574,
      "translation_camera": [
        0.025392986834049225,
        -0.18384192883968353,
        0.4790000319480896
      ],
      "rotation_matrix_camera": [
        [
          -0.9794528484344482,
          -0.049033984541893005,
          -0.19562169909477234
        ],
        [
          -0.19537703692913055,
          -0.00978104304522276,
          0.980679452419281
        ],
        [
          -0.05000000447034836,
          0.9987492561340332,
          -4.365671557593487e-08
        ]
      ],
      "width": 0.03845210373401642,
      "height": 0.019999999552965164,
      "depth": 0.029999999329447746,
      "object_id": -1,
      "frame": "RealSense D455 aligned color camera frame",
      "rank": 44,
      "distance_to_object_center": 0.069528439762335
    },
    {
      "score": 0.15402759611606598,
      "translation_camera": [
        -0.011465384624898434,
        -0.06353744119405746,
        0.46300002932548523
      ],
      "rotation_matrix_camera": [
        [
          -0.34101662039756775,
          0.6214070320129395,
          -0.7053799033164978
        ],
        [
          -0.33935707807540894,
          0.6183831095695496,
          0.708829402923584
        ],
        [
          0.8766666650772095,
          0.4810982644557953,
          -2.102947327387028e-08
        ]
      ],
      "width": 0.07427733391523361,
      "height": 0.019999999552965164,
      "depth": 0.03999999910593033,
      "object_id": -1,
      "frame": "RealSense D455 aligned color camera frame",
      "rank": 45,
      "distance_to_object_center": 0.057977526021323174
    },
    {
      "score": 0.15340426564216614,
      "translation_camera": [
        0.027876626700162888,
        -0.18508519232273102,
        0.4790000319480896
      ],
      "rotation_matrix_camera": [
        [
          -0.9794528484344482,
          -0.049033984541893005,
          -0.19562169909477234
        ],
        [
          -0.19537703692913055,
          -0.00978104304522276,
          0.980679452419281
        ],
        [
          -0.05000000447034836,
          0.9987492561340332,
          -4.365671557593487e-08
        ]
      ],
      "width": 0.039808180183172226,
      "height": 0.019999999552965164,
      "depth": 0.029999999329447746,
      "object_id": -1,
      "frame": "RealSense D455 aligned color camera frame",
      "rank": 46,
      "distance_to_object_center": 0.07129844340723888
    },
    {
      "score": 0.15323692560195923,
      "translation_camera": [
        0.0303602647036314,
        -0.18508519232273102,
        0.4790000319480896
      ],
      "rotation_matrix_camera": [
        [
          -0.9794528484344482,
          -0.049033984541893005,
          -0.19562169909477234
        ],
        [
          -0.19537703692913055,
          -0.00978104304522276,
          0.980679452419281
        ],
        [
          -0.05000000447034836,
          0.9987492561340332,
          -4.365671557593487e-08
        ]
      ],
      "width": 0.04433603957295418,
      "height": 0.019999999552965164,
      "depth": 0.03999999910593033,
      "object_id": -1,
      "frame": "RealSense D455 aligned color camera frame",
      "rank": 47,
      "distance_to_object_center": 0.07195837425987128
    },
    {
      "score": 0.153102844953537,
      "translation_camera": [
        -0.009162597358226776,
        0.0195907074958086,
        0.46800002455711365
      ],
      "rotation_matrix_camera": [
        [
